4.721
4.771
4.821
4.871
4.921
4.971
5.021
5.071
5.121
5.171
5.221
5.271
5.321
5.371
5.421
5.471
5.521
5.571
5.621
5.671
5.721
5.771
5.821
5.871
5.921
5.971
6.021
6.071
6.121
6.171
6.221
6.271
0.037
0.087
0.137
0.187
0.237
0.287
0.337
0.387
0.437
0.487
0.537
0.587
0.637
0.687
0.737
0.787
0.837
0.887
0.937
0.987
1.037
1.087
1.137
1.187
1.237
1.287
1.337
1.387
1.437
1.487
1.537
1.587
1.637
1.688
1.738
1.788
1.838
1.888
1.938
1.988
2.038
2.088
2.138
2.188
2.238
2.288
2.338
2.388
2.438
2.488
2.538
2.588
2.638
2.688
2.738
2.788
2.838
2.888
2.938
2.988
3.038
3.088
3.138
3.188
3.238
3.288
3.338
3.388
3.438
3.488
3.538
3.588
3.638
3.688
3.738
3.788
3.838
3.888
3.938
3.988
4.038
4.088
4.138
4.188
4.238
4.288
4.338
4.388
4.438
4.488
4.538
4.588
4.638
4.688
4.738
4.788
4.838
4.888
4.938
4.988
5.038
5.088
5.138
5.188
5.238
5.288
5.338
5.388
5.438
5.488
5.538
5.588
5.638
5.688
5.738
5.788
5.838
5.888
5.938
5.988
6.038
6.088
6.138
6.188
6.238
0.004
0.054
0.104
0.154
0.204
0.254
0.304
0.354
0.404
0.454
0.504
0.554
0.604
0.654
0.704
0.754
0.804
0.854
0.904
0.954
1.004
1.054
1.104
1.154
1.204
1.254
1.304
1.354
1.404
1.454
1.504
1.554
1.604
1.654
1.704
1.754
1.804
1.854
1.904
1.954
2.004
2.054
2.104
2.154
2.204
2.254
2.304
2.354
2.404
2.454
2.504
2.554
2.604
2.654
2.704
2.754
2.804
2.854
2.904
2.954
3.004
3.054
3.104
3.154
3.204
3.254
3.304
3.354
3.404
3.454
3.504
3.554
3.604
3.654
3.704
3.754
3.804
3.854
3.904
3.954
4.004
4.054
4.104
4.154
4.204
4.254
4.304
4.354
4.404
4.454
4.504
4.554
4.604
4.654
4.704
4.754
4.804
4.854
4.904
4.954
5.004
5.054
5.104
5.154
5.204
5.254
5.304
5.354
5.404
5.454
5.504
5.554
5.604
5.654
5.704
5.754
5.804
5.854
5.904
5.954
6.004
6.054
6.104
6.154
6.204
6.254
0.021
0.071
0.121
0.171
0.221
0.271
0.321
0.371
0.421
0.471
0.521
0.571
0.621
0.671
0.721
0.771
0.821
0.871
0.921
0.971
1.021
1.071
1.121
1.171
1.221
1.271
1.321
1.371
1.421
1.471
1.521
1.571
1.621
1.671
1.721
1.771
1.821
1.871
1.921
1.971
2.021
2.071
2.121
2.171
2.221
2.271
2.321
2.371
2.421
2.471
2.521
2.571
2.621
2.671
2.721
2.771
2.821
2.871
2.921
2.971
3.021
3.071
3.121
3.171
3.221
3.271
3.321
3.371
3.421
3.471
3.521
3.571
3.621
3.671
3.721
3.771
3.821
3.871
3.921
3.971
4.021
4.071
4.121
4.171
4.221
4.271
4.321
4.371
4.421
4.471
4.521
4.571
4.621
4.671
4.721
4.771
4.821
4.871
4.921
4.971
5.021
5.071
5.121
5.171
5.221
5.271
5.321
5.371
5.421
5.471
5.521
5.571
5.621
5.671
5.721
5.771
5.821
5.871
5.921
5.971
6.021
6.071
6.121
6.171
6.221
6.271
0.038
0.088
0.138
0.188
0.238
0.288
0.338
0.388
0.438
0.488
0.538
0.588
0.638
0.688
0.738
0.788
0.838
0.888
0.938
0.988
1.038
1.088
1.138
1.188
1.238
1.288
1.338
1.388
1.438
1.488
1.538
1.588
1.638
1.688
1.738
1.788
1.838
1.888
1.938
1.988
2.038
2.088
2.138
2.188
2.238
2.288
2.338
2.388
2.438
2.488
2.538
2.588
2.638
2.688
2.738
2.788
2.838
2.888
2.938
2.988
3.038
3.088
3.138
3.188
3.238
3.288
3.338
3.388
3.438
3.488
3.538
3.588
3.638
3.688
3.738
3.788
3.838
3.888
3.938
3.988
4.038
4.088
4.138
4.188
4.238
4.288
4.338
4.388
4.438
4.488
4.538
4.588
4.638
4.688
4.738
4.788
4.838
4.888
4.938
4.988
5.038
5.088
5.138
5.188
5.238
5.288
5.338
5.388
5.438
5.488
5.538
5.588
5.638
5.688
5.738
5.788
5.838
5.888
5.938
5.988
6.038
6.088
6.138
6.188
6.238
0.005
0.055
0.105
0.155
0.205
0.255
0.305
0.355
0.405
0.455
0.505
0.555
0.605
0.655
0.705
0.755
0.805
0.855
0.905
0.955
1.005
1.055
1.105
1.155
1.205
1.255
1.305
1.355
1.405
1.455
1.505
1.555
1.605
1.655
1.705
1.755
1.805
1.855
1.905
1.955
2.005
2.055
2.105
2.155
2.205
2.255
2.305
2.355
2.405
2.455
2.505
2.555
2.605
2.655
2.705
2.755
2.805
2.855
2.905
2.955
3.005
3.055
3.105
3.155
3.205
3.255
