0.200 0.000 0.000
0.300 0.000 0.000
0.400 0.000 0.000
0.500 0.000 0.000
0.600 0.000 0.000
0.700 0.000 0.000
0.800 0.000 0.000
0.900 0.000 0.000
1.000 0.000 0.000
1.100 0.000 0.000
1.200 0.000 0.000
1.300 0.000 0.000
1.400 0.000 0.000
1.500 0.000 0.000
1.600 0.000 0.000
1.700 0.000 0.000
1.800 0.000 0.000
1.900 0.000 0.000
2.000 0.000 0.000
2.100 0.000 0.000
2.200 0.000 0.000
2.300 0.000 0.000
2.400 0.000 0.000
2.500 0.000 0.000
2.600 0.000 0.000
2.700 0.000 0.000
2.800 0.000 0.000
2.900 0.000 0.000
3.000 0.000 0.000
0.100 0.000 0.000
0.197 0.035 0.000
0.295 0.052 0.000
0.394 0.069 0.000
0.492 0.087 0.000
0.591 0.104 0.000
0.689 0.121 0.000
0.788 0.139 0.000
0.886 0.156 0.000
0.985 0.174 0.000
1.083 0.191 0.000
1.182 0.208 0.000
1.280 0.226 0.000
1.379 0.243 0.000
1.477 0.260 0.000
1.576 0.278 0.000
1.674 0.295 0.000
1.773 0.312 0.000
1.871 0.330 0.000
1.970 0.347 0.000
2.068 0.364 0.000
2.167 0.382 0.000
2.265 0.399 0.000
2.364 0.417 0.000
2.462 0.434 0.000
2.561 0.451 0.000
2.659 0.469 0.000
2.758 0.486 0.000
2.856 0.503 0.000
2.954 0.521 0.000
0.098 0.017 0.000
0.188 0.068 0.000
0.282 0.103 0.000
