<<<<<<< HEAD
0.765 1.886 0
0.765 1.886 0
0.765 1.886 0
0.765 1.886 0
0.765 1.886 0
0.765 1.886 0
0.765 1.886 0
0.765 1.886 0
0.765 1.886 0
0.765 1.886 0
0.765 1.886 0
0.765 1.886 0
0.765 1.886 0
0.765 1.886 0
0.765 1.886 0
0.765 1.886 0
0.765 1.887 0
0.765 1.887 0
0.764 1.887 0
0.764 1.887 0
0.764 1.887 0
0.763 1.888 0
0.763 1.888 0
0.763 1.888 0
0.763 1.888 0
0.762 1.888 0
0.762 1.889 0
0.761 1.889 0
0.761 1.889 0
0.76 1.889 0
0.76 1.89 0
0.759 1.89 0
0.759 1.89 0
0.759 1.89 0
0.758 1.89 0
0.758 1.89 0
0.758 1.89 0
0.758 1.891 0
0.757 1.891 0
0.757 1.891 0
0.757 1.891 0
0.756 1.891 0
0.756 1.892 0
0.755 1.892 0
0.755 1.892 0
0.755 1.892 0
0.754 1.892 0
0.754 1.893 0
0.753 1.893 0
0.753 1.893 0
0.753 1.893 0
0.752 1.893 0
0.752 1.893 0
0.752 1.894 0
0.751 1.894 0
0.751 1.894 0
0.75 1.894 0
0.75 1.894 0
0.749 1.894 0
0.749 1.895 0
0.748 1.895 0
0.747 1.895 0
0.747 1.895 0
0.746 1.896 0
0.745 1.896 0
0.744 1.896 0
0.744 1.896 0
0.743 1.897 0
0.742 1.897 0
0.741 1.897 0
0.74 1.898 0
0.74 1.898 0
0.739 1.898 0
0.738 1.899 0
0.737 1.899 0
0.736 1.9 0
0.735 1.9 0
0.734 1.9 0
0.733 1.901 0
0.732 1.901 0
0.731 1.902 0
0.73 1.902 0
0.729 1.903 0
0.728 1.904 0
0.727 1.904 0
0.726 1.905 0
0.725 1.906 0
0.724 1.906 0
0.723 1.907 0
0.722 1.908 0
0.72 1.909 0
0.719 1.909 0
0.718 1.91 0
0.717 1.91 0
0.716 1.911 0
0.715 1.912 0
0.714 1.912 0
0.713 1.912 0
0.711 1.913 0
0.71 1.913 0
0.709 1.914 0
0.708 1.914 0
0.707 1.914 0
0.706 1.915 0
0.705 1.915 0
0.704 1.916 0
0.703 1.916 0
0.702 1.916 0
0.701 1.917 0
0.7 1.917 0
0.699 1.917 0
0.698 1.918 0
0.697 1.918 0
0.696 1.919 0
0.696 1.919 0
0.695 1.919 0
0.694 1.92 0
0.693 1.92 0
0.692 1.92 0
0.691 1.921 0
0.69 1.921 0
0.689 1.921 0
0.689 1.922 0
0.688 1.922 0
0.687 1.923 0
0.686 1.923 0
0.685 1.923 0
0.684 1.924 0
0.684 1.924 0
0.683 1.924 0
0.682 1.925 0
0.681 1.925 0
0.68 1.925 0
0.678 1.926 0
0.677 1.926 0
0.676 1.927 0
0.675 1.927 0
0.674 1.927 0
0.673 1.928 0
0.672 1.928 0
0.671 1.929 0
0.669 1.929 0
0.668 1.929 0
0.667 1.93 0
0.666 1.93 0
0.665 1.93 0
0.664 1.931 0
0.663 1.931 0
0.662 1.931 0
0.661 1.932 0
0.66 1.932 0
0.659 1.932 0
0.658 1.933 0
0.658 1.933 0
0.657 1.933 0
0.657 1.933 0
0.656 1.933 0
0.655 1.933 0
0.655 1.933 0
0.654 1.933 0
0.653 1.933 0
0.652 1.933 0
0.652 1.934 0
0.651 1.934 0
0.65 1.934 0
0.649 1.934 0
0.648 1.934 0
0.647 1.934 0
0.646 1.934 0
0.645 1.934 0
0.645 1.934 0
0.644 1.934 0
0.643 1.934 0
0.642 1.934 0
0.64 1.934 0
0.639 1.934 0
0.638 1.934 0
0.637 1.935 0
0.636 1.934 0
0.635 1.934 0
0.634 1.934 0
0.633 1.934 0
0.631 1.934 0
0.63 1.935 0
0.629 1.935 0
0.627 1.935 0
0.626 1.935 0
0.625 1.935 0
0.623 1.935 0
0.622 1.935 0
0.62 1.935 0
0.619 1.935 0
0.617 1.936 0
0.615 1.936 0
0.614 1.936 0
0.612 1.936 0
0.611 1.936 0
0.609 1.936 0
0.608 1.936 0
0.606 1.937 0
0.605 1.937 0
0.603 1.937 0
0.602 1.937 0
0.6 1.937 0
0.599 1.937 0
0.597 1.937 0
0.596 1.937 0
0.594 1.937 0
0.593 1.937 0
0.591 1.937 0
0.59 1.937 0
0.588 1.937 0
0.587 1.937 0
0.586 1.937 0
0.585 1.937 0
0.583 1.937 0
0.582 1.937 0
0.58 1.937 0
0.579 1.937 0
0.577 1.937 0
0.575 1.937 0
0.574 1.937 0
0.572 1.937 0
0.57 1.937 0
0.569 1.937 0
0.567 1.937 0
0.565 1.937 0
0.564 1.937 0
0.562 1.936 0
0.56 1.936 0
0.559 1.936 0
0.557 1.936 0
0.555 1.936 0
0.554 1.936 0
0.552 1.936 0
0.551 1.936 0
0.549 1.936 0
0.548 1.936 0
0.546 1.936 0
0.544 1.936 0
0.543 1.936 0
0.541 1.936 0
0.54 1.936 0
0.539 1.936 0
0.537 1.936 0
0.536 1.936 0
0.534 1.936 0
0.532 1.936 0
0.531 1.936 0
0.529 1.935 0
0.528 1.935 0
0.526 1.935 0
0.525 1.935 0
0.523 1.935 0
0.522 1.934 0
0.52 1.934 0
0.519 1.934 0
0.517 1.934 0
0.516 1.934 0
0.514 1.933 0
0.512 1.933 0
0.511 1.933 0
0.509 1.933 0
0.507 1.932 0
0.506 1.932 0
0.504 1.932 0
0.503 1.932 0
0.501 1.931 0
0.5 1.931 0
0.498 1.931 0
0.497 1.93 0
0.495 1.93 0
0.494 1.93 0
0.493 1.929 0
0.491 1.929 0
0.49 1.929 0
0.489 1.928 0
0.488 1.928 0
0.486 1.928 0
0.485 1.927 0
0.484 1.927 0
0.483 1.926 0
0.481 1.926 0
0.48 1.925 0
0.479 1.925 0
0.478 1.924 0
0.476 1.924 0
0.475 1.924 0
0.473 1.923 0
0.472 1.923 0
0.47 1.922 0
0.469 1.922 0
0.467 1.922 0
0.466 1.921 0
0.464 1.921 0
0.463 1.921 0
0.461 1.92 0
0.46 1.92 0
0.458 1.92 0
0.457 1.919 0
0.455 1.919 0
0.454 1.919 0
0.453 1.918 0
0.451 1.918 0
0.45 1.918 0
0.449 1.917 0
0.447 1.917 0
0.446 1.917 0
0.444 1.916 0
0.443 1.916 0
0.442 1.915 0
0.441 1.915 0
0.439 1.914 0
0.438 1.914 0
0.437 1.914 0
0.436 1.913 0
0.434 1.913 0
0.433 1.912 0
0.432 1.912 0
0.43 1.912 0
0.429 1.911 0
0.428 1.911 0
0.427 1.911 0
0.425 1.911 0
0.424 1.91 0
0.423 1.91 0
0.421 1.91 0
0.42 1.909 0
0.419 1.909 0
0.418 1.909 0
0.417 1.908 0
0.416 1.908 0
0.415 1.908 0
0.413 1.907 0
0.412 1.907 0
0.411 1.906 0
0.41 1.906 0
0.408 1.905 0
0.407 1.905 0
0.406 1.905 0
0.405 1.904 0
0.404 1.904 0
0.403 1.903 0
0.401 1.903 0
0.4 1.902 0
0.399 1.902 0
0.398 1.901 0
0.396 1.901 0
0.395 1.9 0
0.394 1.899 0
0.393 1.899 0
0.391 1.898 0
0.39 1.897 0
0.389 1.896 0
0.387 1.896 0
0.386 1.895 0
0.385 1.894 0
0.383 1.893 0
0.382 1.892 0
0.381 1.892 0
0.38 1.891 0
0.379 1.89 0
0.378 1.889 0
0.376 1.888 0
0.375 1.887 0
0.374 1.886 0
0.373 1.885 0
0.372 1.884 0
0.371 1.884 0
0.37 1.883 0
0.369 1.882 0
0.368 1.881 0
0.367 1.881 0
0.366 1.88 0
0.365 1.879 0
0.364 1.879 0
0.363 1.878 0
0.362 1.877 0
0.361 1.877 0
0.361 1.876 0
0.36 1.875 0
0.359 1.874 0
0.358 1.874 0
0.357 1.873 0
0.357 1.872 0
0.356 1.872 0
0.355 1.871 0
0.354 1.87 0
0.354 1.869 0
0.353 1.869 0
0.352 1.868 0
0.351 1.867 0
0.35 1.867 0
0.349 1.866 0
0.348 1.865 0
0.347 1.865 0
0.346 1.864 0
0.345 1.863 0
0.344 1.862 0
0.343 1.862 0
0.342 1.861 0
0.341 1.86 0
0.34 1.86 0
0.339 1.859 0
0.338 1.858 0
0.337 1.857 0
0.336 1.857 0
0.335 1.856 0
0.333 1.855 0
0.332 1.854 0
0.33 1.854 0
0.329 1.853 0
0.327 1.852 0
0.326 1.851 0
0.324 1.851 0
0.323 1.85 0
0.321 1.849 0
0.32 1.848 0
0.319 1.848 0
0.317 1.847 0
0.316 1.846 0
0.314 1.845 0
0.313 1.844 0
0.311 1.843 0
0.31 1.842 0
0.308 1.841 0
0.307 1.841 0
0.305 1.84 0
0.303 1.839 0
0.302 1.838 0
0.3 1.837 0
0.299 1.836 0
0.297 1.835 0
0.296 1.834 0
0.295 1.833 0
0.293 1.832 0
0.292 1.831 0
0.291 1.83 0
0.289 1.829 0
0.288 1.828 0
0.287 1.827 0
0.285 1.826 0
0.284 1.825 0
0.283 1.824 0
0.282 1.823 0
0.28 1.822 0
0.279 1.821 0
0.277 1.82 0
0.276 1.819 0
0.275 1.818 0
0.273 1.817 0
0.272 1.816 0
0.27 1.815 0
0.269 1.814 0
0.267 1.813 0
0.266 1.812 0
0.264 1.811 0
0.262 1.811 0
0.261 1.81 0
0.259 1.809 0
0.258 1.808 0
0.256 1.807 0
0.255 1.806 0
0.253 1.805 0
0.252 1.804 0
0.25 1.803 0
0.249 1.802 0
0.247 1.801 0
0.246 1.8 0
0.244 1.798 0
0.243 1.797 0
0.241 1.796 0
0.24 1.795 0
0.239 1.794 0
0.237 1.793 0
0.236 1.792 0
0.235 1.791 0
0.233 1.79 0
0.232 1.789 0
0.23 1.788 0
0.229 1.787 0
0.227 1.786 0
0.226 1.785 0
0.224 1.784 0
0.222 1.783 0
0.221 1.782 0
0.219 1.781 0
0.217 1.78 0
0.216 1.779 0
0.214 1.778 0
0.213 1.777 0
0.211 1.776 0
0.21 1.775 0
0.208 1.774 0
0.207 1.773 0
0.205 1.772 0
0.203 1.771 0
0.202 1.77 0
0.2 1.77 0
0.199 1.769 0
0.197 1.768 0
0.196 1.767 0
0.194 1.766 0
0.192 1.765 0
0.191 1.764 0
0.189 1.763 0
0.188 1.762 0
0.186 1.761 0
0.185 1.761 0
0.183 1.76 0
0.182 1.759 0
0.18 1.758 0
0.179 1.757 0
0.177 1.756 0
0.176 1.755 0
0.174 1.755 0
0.172 1.754 0
0.171 1.753 0
0.169 1.752 0
0.168 1.751 0
0.166 1.75 0
0.164 1.749 0
0.163 1.748 0
0.161 1.747 0
0.159 1.746 0
0.158 1.745 0
0.156 1.744 0
0.155 1.743 0
0.153 1.742 0
0.151 1.741 0
0.15 1.74 0
0.148 1.74 0
0.146 1.739 0
0.145 1.738 0
0.143 1.737 0
0.142 1.736 0
0.14 1.735 0
0.138 1.734 0
0.137 1.733 0
0.135 1.732 0
0.133 1.731 0
0.132 1.73 0
0.13 1.729 0
0.128 1.728 0
0.127 1.727 0
0.125 1.726 0
0.123 1.725 0
0.122 1.724 0
0.12 1.723 0
0.119 1.722 0
0.117 1.721 0
0.115 1.719 0
0.114 1.718 0
0.112 1.717 0
0.111 1.716 0
0.109 1.715 0
0.107 1.714 0
0.106 1.712 0
0.104 1.711 0
0.103 1.71 0
0.101 1.709 0
0.099 1.707 0
0.098 1.706 0
0.096 1.705 0
0.095 1.703 0
0.094 1.702 0
0.092 1.7 0
0.091 1.699 0
0.089 1.698 0
0.088 1.696 0
0.086 1.695 0
0.084 1.693 0
0.083 1.692 0
0.081 1.691 0
0.08 1.689 0
0.078 1.688 0
0.076 1.687 0
0.074 1.685 0
0.073 1.684 0
0.071 1.683 0
0.069 1.681 0
0.067 1.68 0
0.065 1.678 0
0.063 1.677 0
0.062 1.675 0
0.06 1.674 0
0.058 1.673 0
0.056 1.671 0
0.055 1.67 0
0.053 1.668 0
0.051 1.667 0
0.049 1.666 0
0.047 1.664 0
0.046 1.663 0
0.044 1.662 0
0.042 1.66 0
0.041 1.659 0
0.039 1.658 0
0.037 1.656 0
0.035 1.655 0
0.034 1.653 0
0.032 1.652 0
0.03 1.651 0
0.029 1.649 0
0.027 1.648 0
0.025 1.647 0
0.023 1.645 0
0.022 1.644 0
0.02 1.643 0
0.018 1.641 0
0.016 1.64 0
0.014 1.638 0
0.012 1.637 0
0.011 1.636 0
0.009 1.634 0
0.007 1.633 0
0.005 1.631 0
0.004 1.63 0
0.002 1.629 0
-0.0 1.627 0
-0.002 1.626 0
-0.004 1.624 0
-0.005 1.623 0
-0.007 1.622 0
-0.009 1.62 0
-0.011 1.619 0
-0.012 1.617 0
-0.014 1.616 0
-0.016 1.615 0
-0.018 1.613 0
-0.02 1.612 0
-0.021 1.61 0
-0.023 1.609 0
-0.025 1.607 0
-0.026 1.606 0
-0.028 1.604 0
-0.03 1.603 0
-0.031 1.601 0
-0.033 1.599 0
-0.034 1.598 0
-0.036 1.596 0
-0.038 1.595 0
-0.039 1.593 0
-0.041 1.592 0
-0.043 1.59 0
-0.044 1.589 0
-0.046 1.587 0
-0.048 1.585 0
-0.049 1.584 0
-0.051 1.582 0
-0.053 1.58 0
-0.054 1.579 0
-0.056 1.577 0
-0.058 1.575 0
-0.059 1.574 0
-0.061 1.572 0
-0.063 1.57 0
-0.064 1.568 0
-0.066 1.566 0
-0.068 1.565 0
-0.069 1.563 0
-0.071 1.561 0
-0.073 1.559 0
-0.074 1.557 0
-0.076 1.555 0
-0.078 1.554 0
-0.08 1.552 0
-0.081 1.55 0
-0.083 1.548 0
-0.085 1.547 0
-0.087 1.545 0
-0.088 1.543 0
-0.09 1.541 0
-0.092 1.539 0
-0.094 1.538 0
-0.095 1.536 0
-0.097 1.534 0
-0.099 1.532 0
-0.101 1.531 0
-0.102 1.529 0
-0.104 1.527 0
-0.106 1.525 0
-0.108 1.523 0
-0.11 1.522 0
-0.111 1.52 0
-0.113 1.518 0
-0.115 1.516 0
-0.117 1.515 0
-0.119 1.513 0
-0.12 1.511 0
-0.122 1.509 0
-0.124 1.508 0
-0.126 1.506 0
-0.128 1.504 0
-0.13 1.503 0
-0.132 1.501 0
-0.134 1.499 0
-0.137 1.498 0
-0.139 1.496 0
-0.141 1.494 0
-0.143 1.492 0
-0.145 1.491 0
-0.147 1.489 0
-0.149 1.487 0
-0.152 1.485 0
-0.154 1.483 0
-0.156 1.482 0
-0.158 1.48 0
-0.161 1.478 0
-0.163 1.476 0
-0.165 1.474 0
-0.168 1.472 0
-0.17 1.471 0
-0.172 1.469 0
-0.175 1.467 0
-0.177 1.465 0
-0.179 1.463 0
-0.182 1.461 0
-0.184 1.459 0
-0.187 1.457 0
-0.189 1.455 0
-0.192 1.453 0
-0.194 1.451 0
-0.197 1.449 0
-0.199 1.447 0
-0.201 1.445 0
-0.204 1.443 0
-0.206 1.441 0
-0.208 1.439 0
-0.211 1.437 0
-0.213 1.435 0
-0.215 1.432 0
-0.218 1.43 0
-0.22 1.428 0
-0.222 1.426 0
-0.224 1.424 0
-0.227 1.422 0
-0.229 1.419 0
-0.231 1.417 0
-0.233 1.415 0
-0.235 1.413 0
-0.238 1.41 0
-0.24 1.408 0
-0.242 1.406 0
-0.244 1.403 0
-0.246 1.401 0
-0.248 1.398 0
-0.251 1.396 0
-0.253 1.393 0
-0.255 1.391 0
-0.257 1.389 0
-0.259 1.386 0
-0.262 1.384 0
-0.264 1.381 0
-0.266 1.379 0
-0.268 1.376 0
-0.27 1.374 0
-0.272 1.371 0
-0.274 1.369 0
-0.276 1.366 0
-0.278 1.363 0
-0.28 1.361 0
-0.282 1.358 0
-0.285 1.356 0
-0.287 1.353 0
-0.289 1.35 0
-0.291 1.348 0
-0.293 1.345 0
-0.295 1.342 0
-0.298 1.34 0
-0.3 1.337 0
-0.302 1.335 0
-0.304 1.332 0
-0.306 1.329 0
-0.308 1.327 0
-0.31 1.324 0
-0.312 1.321 0
-0.314 1.319 0
-0.316 1.316 0
-0.318 1.313 0
-0.321 1.31 0
-0.323 1.308 0
-0.325 1.305 0
-0.327 1.302 0
-0.329 1.299 0
-0.331 1.296 0
-0.333 1.294 0
-0.336 1.291 0
-0.338 1.288 0
-0.34 1.285 0
-0.342 1.283 0
-0.344 1.28 0
-0.346 1.277 0
-0.348 1.274 0
-0.35 1.272 0
-0.351 1.269 0
-0.353 1.266 0
-0.355 1.263 0
-0.357 1.26 0
-0.359 1.257 0
-0.361 1.255 0
-0.363 1.252 0
-0.364 1.249 0
-0.366 1.246 0
-0.368 1.243 0
-0.37 1.241 0
-0.371 1.238 0
-0.373 1.235 0
-0.375 1.233 0
-0.376 1.23 0
-0.378 1.227 0
-0.38 1.224 0
-0.381 1.221 0
-0.383 1.219 0
-0.385 1.216 0
-0.387 1.213 0
-0.388 1.21 0
-0.39 1.207 0
-0.392 1.204 0
-0.394 1.201 0
-0.395 1.198 0
-0.397 1.196 0
-0.399 1.193 0
-0.4 1.19 0
-0.402 1.187 0
-0.403 1.184 0
-0.405 1.181 0
-0.407 1.178 0
-0.408 1.175 0
-0.41 1.172 0
-0.411 1.169 0
-0.413 1.166 0
-0.415 1.163 0
-0.416 1.16 0
-0.418 1.157 0
-0.419 1.155 0
-0.421 1.152 0
-0.422 1.149 0
-0.424 1.146 0
-0.425 1.143 0
-0.427 1.14 0
-0.429 1.137 0
-0.43 1.134 0
-0.431 1.131 0
-0.433 1.128 0
-0.434 1.125 0
-0.436 1.122 0
-0.437 1.119 0
-0.438 1.116 0
-0.44 1.113 0
-0.441 1.11 0
-0.442 1.106 0
-0.444 1.103 0
-0.445 1.1 0
-0.446 1.097 0
-0.447 1.094 0
-0.449 1.091 0
-0.45 1.088 0
-0.451 1.085 0
-0.453 1.082 0
-0.454 1.079 0
-0.455 1.076 0
-0.456 1.073 0
-0.458 1.07 0
-0.459 1.066 0
-0.46 1.063 0
-0.461 1.061 0
-0.463 1.058 0
-0.464 1.055 0
-0.465 1.052 0
-0.467 1.049 0
-0.468 1.046 0
-0.469 1.043 0
-0.471 1.04 0
-0.472 1.037 0
-0.473 1.034 0
-0.474 1.031 0
-0.475 1.028 0
-0.477 1.025 0
-0.478 1.022 0
-0.479 1.019 0
-0.48 1.016 0
-0.481 1.014 0
-0.482 1.011 0
-0.483 1.008 0
-0.485 1.005 0
-0.486 1.002 0
-0.487 0.999 0
-0.488 0.996 0
-0.489 0.993 0
-0.49 0.99 0
-0.491 0.987 0
-0.492 0.984 0
-0.493 0.981 0
-0.494 0.978 0
-0.495 0.975 0
-0.496 0.972 0
-0.497 0.969 0
-0.498 0.967 0
-0.499 0.964 0
-0.5 0.961 0
-0.501 0.958 0
-0.502 0.955 0
-0.503 0.952 0
-0.504 0.949 0
-0.505 0.946 0
-0.506 0.944 0
-0.507 0.941 0
-0.509 0.938 0
-0.51 0.935 0
-0.511 0.933 0
-0.512 0.93 0
-0.513 0.927 0
-0.514 0.925 0
-0.514 0.922 0
-0.515 0.92 0
-0.516 0.917 0
-0.517 0.914 0
-0.518 0.912 0
-0.519 0.909 0
-0.52 0.907 0
-0.521 0.904 0
-0.522 0.902 0
-0.522 0.899 0
-0.523 0.897 0
-0.524 0.894 0
-0.525 0.891 0
-0.526 0.889 0
-0.527 0.886 0
-0.528 0.883 0
-0.528 0.881 0
-0.529 0.878 0
-0.53 0.876 0
-0.531 0.873 0
-0.532 0.87 0
-0.533 0.868 0
-0.533 0.865 0
-0.534 0.863 0
-0.535 0.86 0
-0.536 0.857 0
-0.536 0.855 0
-0.537 0.852 0
-0.538 0.85 0
-0.539 0.847 0
-0.539 0.844 0
-0.54 0.842 0
-0.541 0.839 0
-0.542 0.836 0
-0.543 0.834 0
-0.543 0.831 0
-0.544 0.828 0
-0.545 0.825 0
-0.546 0.823 0
-0.546 0.82 0
-0.547 0.817 0
-0.547 0.814 0
-0.548 0.811 0
-0.549 0.809 0
-0.549 0.806 0
-0.55 0.803 0
-0.551 0.8 0
-0.551 0.798 0
-0.552 0.795 0
-0.552 0.792 0
-0.553 0.789 0
-0.554 0.787 0
-0.554 0.784 0
-0.555 0.781 0
-0.556 0.778 0
-0.556 0.775 0
-0.557 0.773 0
-0.557 0.77 0
-0.558 0.767 0
-0.558 0.764 0
-0.559 0.762 0
-0.559 0.759 0
-0.56 0.756 0
-0.56 0.753 0
-0.561 0.751 0
-0.561 0.748 0
-0.562 0.745 0
-0.562 0.742 0
-0.562 0.74 0
-0.563 0.737 0
-0.563 0.734 0
-0.563 0.732 0
-0.564 0.729 0
-0.564 0.726 0
-0.565 0.724 0
-0.565 0.721 0
-0.565 0.718 0
-0.566 0.716 0
-0.566 0.713 0
-0.567 0.711 0
-0.567 0.708 0
-0.567 0.705 0
-0.568 0.703 0
-0.568 0.7 0
-0.569 0.697 0
-0.569 0.695 0
-0.569 0.692 0
-0.57 0.689 0
-0.57 0.687 0
-0.57 0.684 0
-0.57 0.681 0
-0.57 0.679 0
-0.571 0.676 0
-0.571 0.673 0
-0.571 0.671 0
-0.571 0.668 0
-0.571 0.665 0
-0.571 0.663 0
-0.571 0.66 0
-0.571 0.658 0
-0.571 0.655 0
-0.571 0.652 0
-0.571 0.65 0
-0.571 0.647 0
-0.571 0.644 0
-0.571 0.641 0
-0.57 0.639 0
-0.57 0.636 0
-0.57 0.633 0
-0.57 0.631 0
-0.57 0.628 0
-0.57 0.626 0
-0.57 0.623 0
-0.57 0.62 0
-0.57 0.618 0
-0.57 0.615 0
-0.57 0.612 0
-0.57 0.61 0
-0.57 0.607 0
-0.57 0.604 0
-0.569 0.602 0
-0.569 0.599 0
-0.569 0.596 0
-0.569 0.594 0
-0.569 0.591 0
-0.569 0.589 0
-0.569 0.586 0
-0.569 0.583 0
-0.569 0.581 0
-0.569 0.578 0
-0.569 0.576 0
-0.569 0.574 0
-0.569 0.571 0
-0.569 0.569 0
-0.569 0.567 0
-0.569 0.564 0
-0.569 0.562 0
-0.569 0.56 0
-0.569 0.557 0
-0.569 0.555 0
-0.569 0.553 0
-0.569 0.55 0
-0.568 0.548 0
-0.568 0.546 0
-0.568 0.543 0
-0.568 0.541 0
-0.568 0.539 0
-0.568 0.536 0
-0.568 0.534 0
-0.568 0.532 0
-0.567 0.529 0
-0.567 0.527 0
-0.567 0.525 0
-0.567 0.522 0
-0.567 0.52 0
-0.567 0.518 0
-0.567 0.515 0
-0.567 0.513 0
-0.567 0.511 0
-0.566 0.508 0
-0.566 0.506 0
-0.566 0.504 0
-0.566 0.501 0
-0.566 0.499 0
-0.566 0.497 0
-0.566 0.494 0
-0.566 0.492 0
-0.566 0.489 0
-0.566 0.487 0
-0.566 0.485 0
-0.566 0.482 0
-0.566 0.48 0
-0.566 0.477 0
-0.566 0.475 0
-0.566 0.472 0
-0.566 0.47 0
-0.565 0.468 0
-0.565 0.465 0
-0.565 0.463 0
-0.565 0.46 0
-0.565 0.458 0
-0.565 0.456 0
-0.565 0.453 0
-0.564 0.451 0
-0.564 0.449 0
-0.564 0.446 0
-0.564 0.444 0
-0.564 0.441 0
-0.563 0.439 0
-0.563 0.436 0
-0.563 0.434 0
-0.563 0.431 0
-0.562 0.429 0
-0.562 0.426 0
-0.562 0.424 0
-0.561 0.421 0
-0.561 0.419 0
-0.561 0.416 0
-0.56 0.414 0
-0.56 0.412 0
-0.56 0.409 0
-0.559 0.407 0
-0.559 0.404 0
-0.558 0.402 0
-0.558 0.399 0
-0.558 0.397 0
-0.557 0.394 0
-0.557 0.392 0
-0.556 0.39 0
-0.556 0.387 0
-0.555 0.385 0
-0.555 0.382 0
-0.555 0.38 0
-0.554 0.377 0
-0.554 0.375 0
-0.553 0.372 0
-0.553 0.37 0
-0.553 0.368 0
-0.552 0.365 0
-0.552 0.363 0
-0.551 0.36 0
-0.551 0.358 0
-0.55 0.356 0
-0.55 0.353 0
-0.55 0.351 0
-0.549 0.349 0
-0.549 0.346 0
-0.549 0.344 0
-0.548 0.342 0
-0.548 0.34 0
-0.547 0.337 0
-0.547 0.335 0
-0.546 0.333 0
-0.546 0.331 0
-0.545 0.329 0
-0.545 0.326 0
-0.545 0.324 0
-0.544 0.322 0
-0.544 0.32 0
-0.543 0.318 0
-0.543 0.315 0
-0.542 0.313 0
-0.542 0.311 0
-0.541 0.309 0
-0.541 0.307 0
-0.54 0.305 0
-0.54 0.303 0
-0.539 0.301 0
-0.539 0.298 0
-0.538 0.296 0
-0.538 0.294 0
-0.537 0.292 0
-0.537 0.29 0
-0.536 0.288 0
-0.535 0.286 0
-0.535 0.284 0
-0.534 0.282 0
-0.534 0.28 0
-0.533 0.278 0
-0.533 0.275 0
-0.532 0.273 0
-0.532 0.271 0
-0.531 0.269 0
-0.531 0.267 0
-0.53 0.265 0
-0.529 0.263 0
-0.529 0.261 0
-0.528 0.259 0
-0.528 0.258 0
-0.527 0.256 0
-0.526 0.254 0
-0.526 0.252 0
-0.525 0.25 0
-0.525 0.248 0
-0.524 0.246 0
-0.523 0.244 0
-0.523 0.242 0
-0.522 0.24 0
-0.521 0.238 0
-0.521 0.236 0
-0.52 0.234 0
-0.52 0.233 0
-0.519 0.231 0
-0.518 0.229 0
-0.518 0.227 0
-0.517 0.225 0
-0.516 0.223 0
-0.515 0.221 0
-0.514 0.22 0
-0.514 0.218 0
-0.513 0.216 0
-0.512 0.214 0
-0.511 0.212 0
-0.51 0.21 0
-0.509 0.208 0
-0.509 0.206 0
-0.508 0.205 0
-0.507 0.203 0
-0.506 0.201 0
-0.505 0.199 0
-0.504 0.197 0
-0.503 0.195 0
-0.502 0.194 0
-0.501 0.192 0
-0.5 0.19 0
-0.499 0.188 0
-0.498 0.186 0
-0.497 0.184 0
-0.496 0.182 0
-0.495 0.181 0
-0.494 0.179 0
-0.493 0.177 0
-0.492 0.175 0
-0.491 0.173 0
-0.49 0.172 0
-0.489 0.17 0
-0.488 0.168 0
-0.486 0.166 0
-0.485 0.164 0
-0.484 0.163 0
-0.483 0.161 0
-0.482 0.159 0
-0.48 0.157 0
-0.479 0.156 0
-0.478 0.154 0
-0.477 0.152 0
-0.475 0.151 0
-0.474 0.149 0
-0.473 0.147 0
-0.472 0.145 0
-0.47 0.144 0
-0.469 0.142 0
-0.468 0.14 0
-0.466 0.139 0
-0.465 0.137 0
-0.464 0.135 0
-0.462 0.134 0
-0.461 0.132 0
-0.46 0.13 0
-0.458 0.129 0
-0.457 0.127 0
-0.455 0.126 0
-0.454 0.124 0
-0.453 0.122 0
-0.451 0.121 0
-0.45 0.119 0
-0.448 0.118 0
-0.447 0.116 0
-0.445 0.115 0
-0.444 0.113 0
-0.442 0.112 0
-0.441 0.11 0
-0.439 0.109 0
-0.438 0.107 0
-0.436 0.106 0
-0.435 0.104 0
-0.433 0.103 0
-0.431 0.101 0
-0.43 0.1 0
-0.428 0.098 0
-0.427 0.097 0
-0.425 0.095 0
-0.423 0.094 0
-0.422 0.092 0
-0.42 0.091 0
-0.419 0.089 0
-0.417 0.088 0
-0.415 0.087 0
-0.414 0.085 0
-0.412 0.084 0
-0.41 0.082 0
-0.409 0.081 0
-0.407 0.08 0
-0.405 0.078 0
-0.404 0.077 0
-0.402 0.075 0
-0.401 0.074 0
-0.399 0.073 0
-0.397 0.071 0
-0.396 0.07 0
-0.394 0.069 0
-0.392 0.067 0
-0.391 0.066 0
-0.389 0.065 0
-0.388 0.064 0
-0.386 0.062 0
-0.384 0.061 0
-0.383 0.06 0
-0.381 0.059 0
-0.38 0.058 0
-0.378 0.056 0
-0.376 0.055 0
-0.375 0.054 0
-0.373 0.053 0
-0.372 0.052 0
-0.37 0.051 0
-0.368 0.049 0
-0.367 0.048 0
-0.365 0.047 0
-0.364 0.046 0
-0.362 0.045 0
-0.36 0.044 0
-0.358 0.043 0
-0.357 0.042 0
-0.355 0.04 0
-0.353 0.039 0
-0.352 0.038 0
-0.35 0.037 0
-0.348 0.036 0
-0.346 0.035 0
-0.344 0.034 0
-0.342 0.033 0
-0.34 0.032 0
-0.338 0.031 0
-0.336 0.03 0
-0.334 0.029 0
-0.333 0.028 0
-0.331 0.027 0
-0.329 0.026 0
-0.327 0.025 0
-0.325 0.024 0
-0.323 0.023 0
-0.321 0.022 0
-0.319 0.021 0
-0.317 0.02 0
-0.315 0.019 0
-0.313 0.018 0
-0.311 0.017 0
-0.309 0.017 0
-0.307 0.016 0
-0.305 0.015 0
-0.303 0.014 0
-0.301 0.013 0
-0.3 0.012 0
-0.298 0.011 0
-0.296 0.011 0
-0.294 0.01 0
-0.292 0.009 0
-0.29 0.008 0
-0.288 0.007 0
-0.286 0.007 0
-0.284 0.006 0
-0.282 0.005 0
-0.28 0.004 0
-0.278 0.003 0
-0.276 0.003 0
-0.274 0.002 0
-0.272 0.001 0
-0.271 0.0 0
-0.269 -0.0 0
-0.267 -0.001 0
-0.265 -0.002 0
-0.263 -0.002 0
-0.261 -0.003 0
-0.259 -0.004 0
-0.257 -0.004 0
-0.255 -0.005 0
-0.253 -0.006 0
-0.251 -0.006 0
-0.249 -0.007 0
-0.247 -0.007 0
-0.245 -0.008 0
-0.244 -0.008 0
-0.242 -0.009 0
-0.24 -0.009 0
-0.238 -0.01 0
-0.236 -0.01 0
-0.234 -0.011 0
-0.232 -0.011 0
-0.23 -0.012 0
-0.228 -0.012 0
-0.226 -0.013 0
-0.224 -0.013 0
-0.222 -0.014 0
-0.22 -0.014 0
-0.219 -0.015 0
-0.217 -0.015 0
-0.215 -0.015 0
-0.213 -0.016 0
-0.211 -0.016 0
-0.209 -0.017 0
-0.207 -0.017 0
-0.205 -0.017 0
-0.203 -0.018 0
-0.201 -0.018 0
-0.199 -0.018 0
-0.2 -0.019 0
-0.201 -0.02 0
-0.202 -0.02 0
-0.203 -0.021 0
-0.204 -0.022 0
-0.205 -0.022 0
-0.206 -0.023 0
-0.207 -0.023 0
-0.208 -0.024 0
-0.209 -0.025 0
-0.21 -0.025 0
-0.211 -0.026 0
-0.212 -0.027 0
-0.214 -0.027 0
-0.215 -0.028 0
-0.216 -0.029 0
-0.217 -0.029 0
-0.218 -0.03 0
-0.22 -0.031 0
-0.221 -0.032 0
-0.222 -0.032 0
-0.223 -0.033 0
-0.224 -0.034 0
-0.225 -0.034 0
-0.227 -0.035 0
-0.228 -0.036 0
-0.229 -0.037 0
-0.23 -0.037 0
-0.231 -0.038 0
-0.232 -0.039 0
-0.233 -0.039 0
-0.234 -0.04 0
-0.235 -0.041 0
-0.237 -0.042 0
-0.238 -0.042 0
-0.239 -0.043 0
-0.24 -0.044 0
-0.241 -0.045 0
-0.242 -0.045 0
-0.243 -0.046 0
-0.244 -0.047 0
-0.245 -0.048 0
-0.247 -0.048 0
-0.248 -0.049 0
-0.249 -0.05 0
-0.25 -0.051 0
-0.251 -0.052 0
-0.252 -0.052 0
-0.253 -0.053 0
-0.254 -0.054 0
-0.255 -0.055 0
-0.256 -0.056 0
-0.257 -0.056 0
-0.259 -0.057 0
-0.26 -0.058 0
-0.261 -0.059 0
-0.262 -0.06 0
-0.263 -0.061 0
-0.264 -0.062 0
-0.265 -0.062 0
-0.267 -0.063 0
-0.268 -0.064 0
-0.269 -0.065 0
-0.27 -0.066 0
-0.271 -0.067 0
-0.272 -0.067 0
-0.273 -0.068 0
-0.274 -0.069 0
-0.275 -0.07 0
-0.276 -0.071 0
-0.277 -0.072 0
-0.278 -0.072 0
-0.279 -0.073 0
-0.28 -0.074 0
-0.282 -0.075 0
-0.283 -0.076 0
-0.284 -0.077 0
-0.285 -0.078 0
-0.286 -0.078 0
-0.287 -0.079 0
-0.288 -0.08 0
-0.289 -0.081 0
-0.29 -0.082 0
-0.291 -0.083 0
-0.292 -0.083 0
-0.293 -0.084 0
-0.294 -0.085 0
-0.295 -0.086 0
-0.296 -0.087 0
-0.297 -0.088 0
-0.298 -0.088 0
-0.299 -0.089 0
-0.3 -0.09 0
-0.301 -0.091 0
-0.302 -0.092 0
-0.304 -0.093 0
-0.305 -0.094 0
-0.306 -0.095 0
-0.307 -0.096 0
-0.308 -0.096 0
-0.31 -0.097 0
-0.311 -0.098 0
-0.312 -0.099 0
-0.313 -0.1 0
-0.315 -0.101 0
-0.316 -0.102 0
-0.317 -0.103 0
-0.318 -0.104 0
-0.32 -0.105 0
-0.321 -0.106 0
-0.322 -0.107 0
-0.323 -0.108 0
-0.325 -0.109 0
-0.326 -0.11 0
-0.327 -0.111 0
-0.329 -0.112 0
-0.33 -0.114 0
-0.331 -0.115 0
-0.332 -0.116 0
-0.334 -0.117 0
-0.335 -0.118 0
-0.336 -0.119 0
-0.338 -0.12 0
-0.339 -0.121 0
-0.34 -0.122 0
-0.342 -0.123 0
-0.343 -0.125 0
-0.344 -0.126 0
-0.345 -0.127 0
-0.347 -0.128 0
-0.348 -0.129 0
-0.349 -0.13 0
-0.35 -0.132 0
-0.352 -0.133 0
-0.353 -0.134 0
-0.354 -0.135 0
-0.355 -0.137 0
-0.357 -0.138 0
-0.358 -0.139 0
-0.359 -0.14 0
-0.36 -0.142 0
-0.361 -0.143 0
-0.363 -0.144 0
-0.364 -0.145 0
-0.365 -0.147 0
-0.366 -0.148 0
-0.367 -0.149 0
-0.368 -0.15 0
-0.369 -0.152 0
-0.37 -0.153 0
-0.372 -0.154 0
-0.373 -0.155 0
-0.374 -0.157 0
-0.375 -0.158 0
-0.376 -0.159 0
-0.377 -0.161 0
-0.378 -0.162 0
-0.379 -0.163 0
-0.38 -0.164 0
-0.381 -0.166 0
-0.382 -0.167 0
-0.383 -0.168 0
-0.384 -0.17 0
-0.385 -0.171 0
-0.385 -0.172 0
-0.386 -0.173 0
-0.387 -0.175 0
-0.388 -0.176 0
-0.389 -0.177 0
-0.39 -0.179 0
-0.391 -0.18 0
-0.392 -0.181 0
-0.393 -0.183 0
-0.394 -0.184 0
-0.395 -0.185 0
-0.396 -0.187 0
-0.396 -0.188 0
-0.397 -0.189 0
-0.398 -0.191 0
-0.399 -0.192 0
-0.4 -0.193 0
-0.401 -0.195 0
-0.401 -0.196 0
-0.402 -0.197 0
-0.403 -0.199 0
-0.404 -0.2 0
-0.405 -0.201 0
-0.406 -0.203 0
-0.407 -0.204 0
-0.408 -0.205 0
-0.408 -0.207 0
-0.409 -0.208 0
-0.41 -0.21 0
-0.411 -0.211 0
-0.412 -0.212 0
-0.413 -0.214 0
-0.413 -0.215 0
-0.414 -0.216 0
-0.415 -0.218 0
-0.416 -0.219 0
-0.417 -0.221 0
-0.417 -0.222 0
-0.418 -0.224 0
-0.419 -0.225 0
-0.42 -0.227 0
-0.421 -0.228 0
-0.422 -0.229 0
-0.422 -0.231 0
-0.423 -0.232 0
-0.424 -0.234 0
-0.425 -0.235 0
-0.426 -0.237 0
-0.426 -0.238 0
-0.427 -0.24 0
-0.428 -0.241 0
-0.429 -0.243 0
-0.43 -0.244 0
-0.43 -0.246 0
-0.431 -0.247 0
-0.432 -0.249 0
-0.433 -0.25 0
-0.433 -0.252 0
-0.434 -0.253 0
-0.435 -0.254 0
-0.435 -0.256 0
-0.436 -0.257 0
-0.437 -0.259 0
-0.437 -0.26 0
-0.438 -0.262 0
-0.439 -0.263 0
-0.439 -0.265 0
-0.44 -0.267 0
-0.441 -0.268 0
-0.441 -0.27 0
-0.442 -0.271 0
-0.443 -0.273 0
-0.444 -0.275 0
-0.445 -0.276 0
-0.445 -0.278 0
-0.446 -0.28 0
-0.447 -0.281 0
-0.448 -0.283 0
-0.449 -0.285 0
-0.449 -0.286 0
-0.45 -0.288 0
-0.451 -0.29 0
-0.452 -0.292 0
-0.453 -0.294 0
-0.454 -0.295 0
-0.455 -0.297 0
-0.456 -0.299 0
-0.457 -0.301 0
-0.457 -0.302 0
-0.458 -0.304 0
-0.459 -0.306 0
-0.46 -0.308 0
-0.461 -0.31 0
-0.462 -0.311 0
-0.462 -0.313 0
-0.463 -0.315 0
-0.464 -0.317 0
-0.465 -0.318 0
-0.465 -0.32 0
-0.466 -0.322 0
-0.467 -0.323 0
-0.467 -0.325 0
-0.468 -0.327 0
-0.468 -0.329 0
-0.469 -0.331 0
-0.47 -0.332 0
-0.47 -0.334 0
-0.471 -0.336 0
-0.471 -0.338 0
-0.472 -0.339 0
-0.472 -0.341 0
-0.473 -0.343 0
-0.473 -0.345 0
-0.473 -0.347 0
-0.474 -0.349 0
-0.474 -0.35 0
-0.475 -0.352 0
-0.475 -0.354 0
-0.475 -0.356 0
-0.476 -0.358 0
-0.476 -0.36 0
-0.476 -0.361 0
-0.477 -0.363 0
-0.477 -0.365 0
-0.477 -0.366 0
-0.477 -0.368 0
-0.478 -0.37 0
-0.478 -0.372 0
-0.478 -0.374 0
-0.478 -0.376 0
-0.478 -0.377 0
-0.479 -0.379 0
-0.479 -0.381 0
-0.479 -0.383 0
-0.479 -0.385 0
-0.48 -0.387 0
-0.48 -0.389 0
-0.48 -0.391 0
-0.48 -0.393 0
-0.481 -0.395 0
-0.481 -0.397 0
-0.481 -0.399 0
-0.482 -0.401 0
-0.482 -0.403 0
-0.483 -0.405 0
-0.483 -0.407 0
-0.483 -0.409 0
-0.484 -0.411 0
-0.484 -0.413 0
-0.485 -0.415 0
-0.485 -0.417 0
-0.485 -0.419 0
-0.486 -0.421 0
-0.486 -0.424 0
-0.486 -0.426 0
-0.487 -0.428 0
-0.487 -0.43 0
-0.487 -0.432 0
-0.487 -0.434 0
-0.488 -0.436 0
-0.488 -0.438 0
-0.488 -0.44 0
-0.488 -0.442 0
-0.488 -0.444 0
-0.489 -0.447 0
-0.489 -0.449 0
-0.489 -0.451 0
-0.489 -0.453 0
-0.489 -0.455 0
-0.489 -0.457 0
-0.49 -0.459 0
-0.49 -0.462 0
-0.49 -0.464 0
-0.49 -0.466 0
-0.49 -0.468 0
-0.49 -0.471 0
-0.49 -0.473 0
-0.49 -0.475 0
-0.491 -0.477 0
-0.491 -0.48 0
-0.491 -0.482 0
-0.491 -0.484 0
-0.491 -0.487 0
-0.491 -0.489 0
-0.491 -0.491 0
-0.491 -0.493 0
-0.491 -0.496 0
-0.491 -0.498 0
-0.492 -0.5 0
-0.492 -0.503 0
-0.492 -0.505 0
-0.492 -0.507 0
-0.492 -0.51 0
-0.491 -0.512 0
-0.491 -0.514 0
-0.491 -0.516 0
-0.491 -0.519 0
-0.491 -0.521 0
-0.491 -0.523 0
-0.491 -0.526 0
-0.491 -0.528 0
-0.491 -0.53 0
-0.491 -0.533 0
-0.491 -0.535 0
-0.491 -0.537 0
-0.491 -0.539 0
-0.491 -0.542 0
-0.491 -0.544 0
-0.491 -0.546 0
-0.491 -0.548 0
-0.49 -0.551 0
-0.49 -0.553 0
-0.49 -0.555 0
-0.49 -0.558 0
-0.49 -0.56 0
-0.49 -0.562 0
-0.49 -0.564 0
-0.49 -0.567 0
-0.489 -0.569 0
-0.489 -0.571 0
-0.489 -0.574 0
-0.489 -0.576 0
-0.489 -0.578 0
-0.489 -0.581 0
-0.488 -0.583 0
-0.488 -0.585 0
-0.488 -0.588 0
-0.488 -0.59 0
-0.488 -0.593 0
-0.488 -0.595 0
-0.487 -0.597 0
-0.487 -0.6 0
-0.487 -0.602 0
-0.487 -0.605 0
-0.487 -0.607 0
-0.487 -0.609 0
-0.486 -0.612 0
-0.486 -0.614 0
-0.486 -0.617 0
-0.486 -0.619 0
-0.486 -0.622 0
-0.486 -0.624 0
-0.485 -0.627 0
-0.485 -0.63 0
-0.485 -0.632 0
-0.485 -0.635 0
-0.484 -0.637 0
-0.484 -0.64 0
-0.484 -0.642 0
-0.483 -0.645 0
-0.483 -0.647 0
-0.483 -0.65 0
-0.482 -0.652 0
-0.482 -0.655 0
-0.482 -0.657 0
-0.481 -0.66 0
-0.481 -0.663 0
-0.48 -0.665 0
-0.48 -0.668 0
-0.479 -0.67 0
-0.479 -0.673 0
-0.479 -0.675 0
-0.478 -0.678 0
-0.478 -0.681 0
-0.477 -0.683 0
-0.477 -0.686 0
-0.476 -0.689 0
-0.476 -0.691 0
-0.475 -0.694 0
-0.475 -0.696 0
-0.474 -0.699 0
-0.474 -0.702 0
-0.473 -0.704 0
-0.473 -0.707 0
-0.472 -0.71 0
-0.472 -0.712 0
-0.471 -0.715 0
-0.47 -0.718 0
-0.47 -0.72 0
-0.469 -0.723 0
-0.469 -0.726 0
-0.468 -0.728 0
-0.468 -0.731 0
-0.467 -0.733 0
-0.466 -0.736 0
-0.466 -0.739 0
-0.465 -0.741 0
-0.465 -0.744 0
-0.464 -0.747 0
-0.463 -0.75 0
-0.462 -0.752 0
-0.462 -0.755 0
-0.461 -0.758 0
-0.46 -0.76 0
-0.459 -0.763 0
-0.458 -0.766 0
-0.457 -0.768 0
-0.457 -0.771 0
-0.456 -0.774 0
-0.455 -0.776 0
-0.454 -0.779 0
-0.453 -0.781 0
-0.452 -0.784 0
-0.451 -0.787 0
-0.45 -0.789 0
-0.449 -0.792 0
-0.448 -0.794 0
-0.447 -0.797 0
-0.446 -0.8 0
-0.445 -0.802 0
-0.444 -0.805 0
-0.443 -0.808 0
-0.442 -0.81 0
-0.441 -0.813 0
-0.44 -0.815 0
-0.439 -0.818 0
-0.438 -0.82 0
-0.437 -0.823 0
-0.436 -0.825 0
-0.435 -0.828 0
-0.434 -0.831 0
-0.433 -0.833 0
-0.432 -0.836 0
-0.431 -0.838 0
-0.43 -0.841 0
-0.429 -0.843 0
-0.428 -0.846 0
-0.427 -0.848 0
-0.426 -0.851 0
-0.425 -0.853 0
-0.424 -0.856 0
-0.423 -0.858 0
-0.422 -0.861 0
-0.421 -0.863 0
-0.42 -0.866 0
-0.419 -0.869 0
-0.417 -0.871 0
-0.416 -0.874 0
-0.415 -0.876 0
-0.414 -0.879 0
-0.413 -0.882 0
-0.411 -0.884 0
-0.41 -0.887 0
-0.409 -0.889 0
-0.408 -0.892 0
-0.406 -0.894 0
-0.405 -0.897 0
-0.403 -0.9 0
-0.402 -0.903 0
-0.401 -0.905 0
-0.399 -0.908 0
-0.398 -0.911 0
-0.396 -0.913 0
-0.395 -0.916 0
-0.393 -0.919 0
-0.392 -0.921 0
-0.39 -0.924 0
-0.389 -0.927 0
-0.387 -0.93 0
-0.386 -0.932 0
-0.384 -0.935 0
-0.382 -0.938 0
-0.381 -0.94 0
-0.379 -0.943 0
-0.378 -0.945 0
-0.376 -0.948 0
-0.374 -0.951 0
-0.373 -0.953 0
-0.371 -0.956 0
-0.369 -0.958 0
-0.368 -0.961 0
-0.366 -0.963 0
-0.364 -0.966 0
-0.363 -0.969 0
-0.361 -0.971 0
-0.359 -0.974 0
-0.358 -0.976 0
-0.356 -0.978 0
-0.354 -0.981 0
-0.352 -0.983 0
-0.35 -0.986 0
-0.348 -0.988 0
-0.346 -0.99 0
-0.344 -0.992 0
-0.342 -0.995 0
-0.34 -0.997 0
-0.338 -0.999 0
-0.337 -1.002 0
-0.335 -1.004 0
-0.333 -1.006 0
-0.33 -1.008 0
-0.328 -1.01 0
-0.326 -1.013 0
-0.324 -1.015 0
-0.322 -1.017 0
-0.32 -1.019 0
-0.318 -1.021 0
-0.316 -1.023 0
-0.314 -1.025 0
-0.312 -1.027 0
-0.31 -1.03 0
-0.307 -1.032 0
-0.305 -1.034 0
-0.303 -1.036 0
-0.301 -1.038 0
-0.299 -1.04 0
-0.297 -1.042 0
-0.294 -1.044 0
-0.292 -1.046 0
-0.29 -1.049 0
-0.288 -1.051 0
-0.285 -1.053 0
-0.283 -1.055 0
-0.281 -1.057 0
-0.279 -1.059 0
-0.276 -1.061 0
-0.274 -1.063 0
-0.272 -1.065 0
-0.269 -1.067 0
-0.267 -1.069 0
-0.264 -1.071 0
-0.262 -1.073 0
-0.259 -1.075 0
-0.257 -1.077 0
-0.254 -1.08 0
-0.252 -1.082 0
-0.249 -1.084 0
-0.246 -1.086 0
-0.244 -1.088 0
-0.241 -1.09 0
-0.239 -1.092 0
-0.236 -1.094 0
-0.234 -1.096 0
-0.231 -1.098 0
-0.228 -1.1 0
-0.226 -1.102 0
-0.223 -1.104 0
-0.22 -1.106 0
-0.218 -1.108 0
-0.215 -1.11 0
-0.213 -1.112 0
-0.21 -1.114 0
-0.207 -1.116 0
-0.204 -1.118 0
-0.201 -1.12 0
-0.199 -1.122 0
-0.196 -1.124 0
-0.193 -1.126 0
-0.19 -1.128 0
-0.187 -1.13 0
-0.184 -1.132 0
-0.181 -1.134 0
-0.177 -1.136 0
-0.174 -1.138 0
-0.171 -1.14 0
-0.168 -1.142 0
-0.165 -1.144 0
-0.162 -1.146 0
-0.16 -1.147 0
-0.157 -1.149 0
-0.154 -1.151 0
-0.151 -1.153 0
-0.148 -1.155 0
-0.145 -1.156 0
-0.142 -1.158 0
-0.139 -1.16 0
-0.137 -1.162 0
-0.134 -1.163 0
-0.131 -1.165 0
-0.128 -1.167 0
-0.125 -1.168 0
-0.122 -1.17 0
-0.119 -1.172 0
-0.116 -1.173 0
-0.113 -1.175 0
-0.11 -1.177 0
-0.107 -1.178 0
-0.104 -1.18 0
-0.101 -1.181 0
-0.098 -1.183 0
-0.096 -1.185 0
-0.093 -1.186 0
-0.09 -1.188 0
-0.087 -1.189 0
-0.084 -1.191 0
-0.081 -1.193 0
-0.078 -1.194 0
-0.075 -1.196 0
-0.072 -1.198 0
-0.069 -1.199 0
-0.066 -1.201 0
-0.063 -1.203 0
-0.06 -1.204 0
-0.057 -1.206 0
-0.054 -1.207 0
-0.051 -1.209 0
-0.048 -1.21 0
-0.045 -1.212 0
-0.042 -1.214 0
-0.039 -1.215 0
-0.036 -1.217 0
-0.033 -1.218 0
-0.03 -1.22 0
-0.027 -1.221 0
-0.024 -1.223 0
-0.021 -1.224 0
-0.018 -1.226 0
-0.015 -1.227 0
-0.012 -1.229 0
-0.009 -1.23 0
-0.006 -1.232 0
-0.003 -1.233 0
0.0 -1.235 0
0.003 -1.236 0
0.006 -1.237 0
0.009 -1.239 0
0.013 -1.24 0
0.016 -1.242 0
0.019 -1.243 0
0.022 -1.245 0
0.025 -1.246 0
0.028 -1.247 0
0.03 -1.249 0
0.033 -1.25 0
0.036 -1.251 0
0.039 -1.252 0
0.042 -1.254 0
0.045 -1.255 0
0.048 -1.256 0
0.05 -1.257 0
0.053 -1.259 0
0.056 -1.26 0
0.059 -1.261 0
0.062 -1.262 0
0.065 -1.263 0
0.068 -1.265 0
0.071 -1.266 0
0.074 -1.267 0
0.077 -1.268 0
0.08 -1.269 0
0.083 -1.27 0
0.085 -1.271 0
0.088 -1.272 0
0.091 -1.274 0
0.094 -1.275 0
0.097 -1.276 0
0.1 -1.277 0
0.103 -1.278 0
0.106 -1.279 0
0.109 -1.28 0
0.112 -1.281 0
0.115 -1.282 0
0.118 -1.283 0
0.121 -1.284 0
0.124 -1.285 0
0.127 -1.286 0
0.13 -1.287 0
0.133 -1.287 0
0.136 -1.288 0
0.14 -1.289 0
0.143 -1.29 0
0.146 -1.291 0
0.149 -1.292 0
0.152 -1.293 0
0.156 -1.294 0
0.159 -1.295 0
0.162 -1.295 0
0.165 -1.296 0
0.169 -1.297 0
0.172 -1.298 0
0.175 -1.299 0
0.178 -1.299 0
0.181 -1.3 0
0.185 -1.301 0
0.188 -1.302 0
0.191 -1.302 0
0.194 -1.303 0
0.198 -1.304 0
0.201 -1.304 0
0.204 -1.305 0
0.207 -1.306 0
0.21 -1.306 0
0.214 -1.307 0
0.217 -1.308 0
0.22 -1.308 0
0.223 -1.309 0
0.226 -1.31 0
0.229 -1.31 0
0.232 -1.311 0
0.236 -1.312 0
0.239 -1.312 0
0.242 -1.313 0
0.245 -1.314 0
0.248 -1.314 0
0.252 -1.315 0
0.255 -1.316 0
0.258 -1.316 0
0.261 -1.317 0
0.264 -1.317 0
0.268 -1.318 0
0.271 -1.318 0
0.274 -1.319 0
0.277 -1.32 0
0.28 -1.32 0
0.283 -1.321 0
0.287 -1.321 0
0.29 -1.322 0
0.293 -1.322 0
0.296 -1.323 0
0.3 -1.323 0
0.303 -1.323 0
0.306 -1.324 0
0.309 -1.324 0
0.312 -1.325 0
0.316 -1.325 0
0.319 -1.326 0
0.322 -1.327 0
0.326 -1.327 0
0.329 -1.328 0
0.332 -1.328 0
0.335 -1.329 0
0.339 -1.33 0
0.342 -1.33 0
0.345 -1.331 0
0.349 -1.331 0
0.352 -1.332 0
0.355 -1.332 0
0.358 -1.333 0
0.361 -1.333 0
0.365 -1.334 0
0.368 -1.334 0
0.371 -1.335 0
0.374 -1.335 0
0.378 -1.336 0
0.381 -1.336 0
0.384 -1.337 0
0.387 -1.337 0
0.391 -1.338 0
0.394 -1.338 0
0.397 -1.338 0
0.401 -1.339 0
0.404 -1.339 0
0.407 -1.339 0
0.411 -1.34 0
0.414 -1.34 0
0.418 -1.34 0
0.421 -1.341 0
0.425 -1.341 0
0.428 -1.341 0
0.432 -1.342 0
0.435 -1.342 0
0.438 -1.342 0
0.442 -1.343 0
0.445 -1.343 0
0.449 -1.343 0
0.452 -1.344 0
0.455 -1.344 0
0.459 -1.344 0
0.462 -1.345 0
0.466 -1.345 0
0.469 -1.345 0
0.472 -1.346 0
0.476 -1.346 0
0.48 -1.346 0
0.483 -1.346 0
0.487 -1.347 0
0.491 -1.347 0
0.494 -1.347 0
0.498 -1.347 0
0.502 -1.348 0
0.506 -1.348 0
0.509 -1.348 0
0.513 -1.348 0
0.517 -1.348 0
0.52 -1.348 0
0.524 -1.348 0
0.528 -1.348 0
0.531 -1.348 0
0.535 -1.348 0
0.539 -1.348 0
0.542 -1.348 0
0.546 -1.348 0
0.55 -1.348 0
0.554 -1.348 0
0.557 -1.348 0
0.561 -1.348 0
0.564 -1.347 0
0.568 -1.347 0
0.571 -1.347 0
0.575 -1.347 0
0.579 -1.347 0
0.582 -1.346 0
0.586 -1.346 0
0.589 -1.346 0
0.593 -1.346 0
0.596 -1.345 0
0.599 -1.345 0
0.603 -1.345 0
0.607 -1.345 0
0.61 -1.344 0
0.613 -1.344 0
0.617 -1.344 0
0.62 -1.344 0
0.624 -1.344 0
0.627 -1.343 0
0.631 -1.343 0
0.634 -1.343 0
0.638 -1.343 0
0.641 -1.343 0
0.645 -1.343 0
0.648 -1.342 0
0.652 -1.342 0
0.655 -1.342 0
0.659 -1.342 0
0.662 -1.342 0
0.666 -1.341 0
0.669 -1.341 0
0.673 -1.341 0
0.676 -1.34 0
0.68 -1.34 0
0.683 -1.34 0
0.687 -1.34 0
0.69 -1.34 0
0.694 -1.339 0
0.697 -1.339 0
0.701 -1.339 0
0.704 -1.339 0
0.708 -1.339 0
0.711 -1.338 0
0.715 -1.338 0
0.718 -1.338 0
0.722 -1.337 0
0.725 -1.337 0
0.729 -1.337 0
0.732 -1.337 0
0.735 -1.336 0
0.739 -1.336 0
0.742 -1.336 0
0.746 -1.336 0
0.749 -1.336 0
0.752 -1.335 0
0.756 -1.335 0
0.759 -1.335 0
0.763 -1.334 0
0.766 -1.334 0
0.77 -1.333 0
0.773 -1.333 0
0.777 -1.333 0
0.781 -1.332 0
0.784 -1.332 0
0.788 -1.331 0
0.791 -1.331 0
0.795 -1.331 0
0.799 -1.33 0
0.802 -1.33 0
0.806 -1.329 0
0.809 -1.329 0
0.813 -1.328 0
0.816 -1.328 0
0.82 -1.327 0
0.824 -1.327 0
0.827 -1.326 0
0.831 -1.326 0
0.834 -1.325 0
0.838 -1.325 0
0.841 -1.324 0
0.845 -1.323 0
0.849 -1.323 0
0.852 -1.322 0
0.856 -1.321 0
0.86 -1.321 0
0.863 -1.32 0
0.867 -1.32 0
0.87 -1.319 0
0.874 -1.318 0
0.878 -1.318 0
0.882 -1.317 0
0.885 -1.317 0
0.889 -1.316 0
0.893 -1.315 0
0.897 -1.314 0
0.901 -1.313 0
0.905 -1.313 0
0.908 -1.312 0
0.912 -1.311 0
0.916 -1.31 0
0.92 -1.31 0
0.924 -1.309 0
0.928 -1.308 0
0.932 -1.307 0
0.936 -1.306 0
0.94 -1.306 0
0.944 -1.305 0
0.948 -1.304 0
0.952 -1.303 0
0.956 -1.302 0
0.959 -1.301 0
0.963 -1.3 0
0.967 -1.299 0
0.971 -1.298 0
0.975 -1.297 0
0.979 -1.296 0
0.983 -1.295 0
0.986 -1.294 0
0.99 -1.293 0
0.994 -1.292 0
0.998 -1.291 0
1.002 -1.29 0
1.006 -1.289 0
1.01 -1.288 0
1.014 -1.287 0
1.017 -1.286 0
1.021 -1.285 0
1.025 -1.284 0
1.029 -1.283 0
1.032 -1.282 0
1.036 -1.281 0
1.04 -1.28 0
1.044 -1.279 0
1.047 -1.278 0
1.051 -1.276 0
1.055 -1.275 0
1.059 -1.274 0
1.062 -1.273 0
1.066 -1.271 0
1.07 -1.27 0
1.073 -1.269 0
1.077 -1.267 0
1.081 -1.266 0
1.084 -1.265 0
1.088 -1.263 0
1.092 -1.262 0
1.095 -1.261 0
1.099 -1.26 0
1.103 -1.258 0
1.106 -1.257 0
1.11 -1.256 0
1.114 -1.254 0
1.117 -1.253 0
1.121 -1.252 0
1.125 -1.25 0
1.128 -1.249 0
1.132 -1.248 0
1.136 -1.246 0
1.14 -1.245 0
1.143 -1.244 0
1.147 -1.242 0
1.151 -1.241 0
1.155 -1.24 0
1.158 -1.238 0
1.162 -1.237 0
1.166 -1.235 0
1.17 -1.234 0
1.173 -1.232 0
1.177 -1.231 0
1.181 -1.229 0
1.185 -1.228 0
1.189 -1.226 0
1.192 -1.225 0
1.196 -1.223 0
1.2 -1.222 0
1.204 -1.22 0
1.208 -1.219 0
1.212 -1.217 0
1.215 -1.216 0
1.219 -1.215 0
1.223 -1.213 0
1.226 -1.212 0
1.23 -1.211 0
1.234 -1.21 0
1.237 -1.208 0
1.241 -1.207 0
1.244 -1.206 0
1.248 -1.205 0
1.252 -1.203 0
1.255 -1.202 0
1.259 -1.201 0
1.263 -1.2 0
1.266 -1.198 0
1.27 -1.197 0
1.273 -1.196 0
1.277 -1.194 0
1.28 -1.193 0
1.284 -1.192 0
1.287 -1.19 0
1.291 -1.189 0
1.294 -1.187 0
1.298 -1.186 0
1.301 -1.184 0
1.304 -1.183 0
1.308 -1.182 0
1.311 -1.18 0
1.314 -1.179 0
1.318 -1.177 0
1.321 -1.176 0
1.324 -1.174 0
1.328 -1.172 0
1.331 -1.171 0
1.334 -1.17 0
1.337 -1.168 0
1.341 -1.167 0
1.344 -1.165 0
1.347 -1.164 0
1.351 -1.162 0
1.354 -1.161 0
1.357 -1.159 0
1.36 -1.158 0
1.363 -1.156 0
1.367 -1.155 0
1.37 -1.153 0
1.373 -1.152 0
1.376 -1.15 0
1.379 -1.149 0
1.383 -1.147 0
1.386 -1.145 0
1.389 -1.144 0
1.392 -1.142 0
1.396 -1.14 0
1.399 -1.138 0
1.402 -1.136 0
1.405 -1.134 0
1.409 -1.132 0
1.412 -1.13 0
1.415 -1.128 0
1.418 -1.126 0
1.421 -1.124 0
1.424 -1.122 0
1.428 -1.12 0
1.431 -1.118 0
1.434 -1.116 0
1.437 -1.114 0
1.44 -1.111 0
1.444 -1.109 0
1.447 -1.107 0
1.45 -1.105 0
1.453 -1.102 0
1.457 -1.1 0
1.46 -1.098 0
1.463 -1.095 0
1.466 -1.093 0
1.469 -1.091 0
1.473 -1.088 0
1.476 -1.086 0
1.479 -1.083 0
1.482 -1.081 0
1.485 -1.078 0
1.488 -1.076 0
1.492 -1.073 0
1.495 -1.071 0
1.498 -1.068 0
1.501 -1.065 0
1.504 -1.063 0
1.507 -1.06 0
1.51 -1.057 0
1.514 -1.055 0
1.517 -1.052 0
1.52 -1.049 0
1.523 -1.047 0
1.526 -1.044 0
1.529 -1.042 0
1.532 -1.039 0
1.535 -1.036 0
1.538 -1.034 0
1.541 -1.031 0
1.544 -1.029 0
1.547 -1.026 0
1.55 -1.023 0
1.553 -1.021 0
1.556 -1.018 0
1.558 -1.016 0
1.561 -1.013 0
1.564 -1.011 0
1.567 -1.008 0
1.57 -1.006 0
1.572 -1.003 0
1.575 -1.001 0
1.578 -0.998 0
1.581 -0.996 0
1.584 -0.993 0
1.587 -0.991 0
1.589 -0.988 0
1.592 -0.986 0
1.595 -0.983 0
1.598 -0.981 0
1.601 -0.978 0
1.604 -0.975 0
1.606 -0.973 0
1.609 -0.97 0
1.612 -0.967 0
1.615 -0.965 0
1.618 -0.962 0
1.621 -0.959 0
1.624 -0.957 0
1.627 -0.954 0
1.63 -0.951 0
1.632 -0.949 0
1.635 -0.946 0
1.638 -0.943 0
1.641 -0.94 0
1.644 -0.937 0
1.647 -0.934 0
1.65 -0.931 0
1.653 -0.928 0
1.656 -0.925 0
1.659 -0.922 0
1.662 -0.919 0
1.665 -0.916 0
1.668 -0.913 0
1.671 -0.91 0
1.674 -0.907 0
1.677 -0.904 0
1.68 -0.901 0
1.683 -0.898 0
1.686 -0.895 0
1.689 -0.891 0
1.692 -0.888 0
1.695 -0.885 0
1.697 -0.882 0
1.7 -0.879 0
1.703 -0.876 0
1.706 -0.873 0
1.709 -0.87 0
1.711 -0.867 0
1.714 -0.864 0
1.717 -0.86 0
1.719 -0.857 0
1.722 -0.854 0
1.725 -0.851 0
1.727 -0.847 0
1.73 -0.844 0
1.733 -0.841 0
1.736 -0.837 0
1.738 -0.834 0
1.741 -0.83 0
1.744 -0.827 0
1.747 -0.823 0
1.749 -0.82 0
1.752 -0.816 0
1.755 -0.813 0
1.757 -0.809 0
1.76 -0.806 0
1.762 -0.802 0
1.765 -0.799 0
1.767 -0.795 0
1.77 -0.792 0
1.773 -0.788 0
1.775 -0.785 0
1.778 -0.781 0
1.78 -0.777 0
1.783 -0.774 0
1.785 -0.77 0
1.788 -0.767 0
1.79 -0.763 0
1.793 -0.759 0
1.795 -0.755 0
1.797 -0.752 0
1.8 -0.748 0
1.803 -0.744 0
1.805 -0.74 0
1.808 -0.737 0
1.81 -0.733 0
1.812 -0.729 0
1.815 -0.726 0
1.817 -0.722 0
1.82 -0.718 0
1.822 -0.715 0
1.824 -0.711 0
1.826 -0.708 0
1.828 -0.704 0
1.831 -0.701 0
1.833 -0.697 0
1.835 -0.693 0
1.837 -0.69 0
1.839 -0.686 0
1.841 -0.682 0
1.844 -0.679 0
1.846 -0.675 0
1.848 -0.671 0
1.85 -0.667 0
1.852 -0.664 0
1.854 -0.66 0
1.856 -0.656 0
1.858 -0.653 0
1.86 -0.649 0
1.862 -0.645 0
1.864 -0.641 0
1.866 -0.638 0
1.868 -0.634 0
1.87 -0.63 0
1.872 -0.626 0
1.873 -0.623 0
1.875 -0.619 0
1.877 -0.615 0
1.879 -0.611 0
1.881 -0.607 0
1.883 -0.603 0
1.885 -0.599 0
1.887 -0.596 0
1.889 -0.592 0
1.891 -0.588 0
1.893 -0.584 0
1.895 -0.581 0
1.897 -0.577 0
1.898 -0.573 0
1.9 -0.569 0
1.902 -0.565 0
1.904 -0.562 0
1.906 -0.558 0
1.908 -0.554 0
1.91 -0.55 0
1.912 -0.546 0
1.914 -0.542 0
1.916 -0.538 0
1.918 -0.534 0
1.92 -0.53 0
1.922 -0.526 0
1.923 -0.522 0
1.925 -0.518 0
1.927 -0.514 0
1.929 -0.51 0
1.931 -0.506 0
1.933 -0.502 0
1.935 -0.498 0
1.937 -0.494 0
1.939 -0.49 0
1.941 -0.486 0
1.942 -0.482 0
1.944 -0.478 0
1.946 -0.474 0
1.948 -0.47 0
1.949 -0.466 0
1.951 -0.461 0
1.952 -0.457 0
1.954 -0.453 0
1.956 -0.449 0
1.957 -0.444 0
1.959 -0.44 0
1.961 -0.436 0
1.962 -0.432 0
1.964 -0.427 0
1.965 -0.423 0
1.967 -0.419 0
1.968 -0.414 0
1.97 -0.41 0
1.971 -0.406 0
1.973 -0.401 0
1.974 -0.397 0
1.976 -0.392 0
1.978 -0.388 0
1.979 -0.383 0
1.981 -0.379 0
1.982 -0.374 0
1.984 -0.369 0
1.986 -0.365 0
1.987 -0.36 0
1.989 -0.356 0
1.99 -0.351 0
1.992 -0.346 0
1.993 -0.342 0
1.995 -0.337 0
1.996 -0.332 0
1.998 -0.328 0
1.999 -0.323 0
2.001 -0.318 0
2.002 -0.314 0
2.003 -0.309 0
2.005 -0.305 0
2.006 -0.3 0
2.007 -0.295 0
2.009 -0.291 0
2.01 -0.286 0
2.011 -0.282 0
2.013 -0.277 0
2.014 -0.272 0
2.015 -0.268 0
2.016 -0.263 0
2.018 -0.259 0
2.019 -0.254 0
2.02 -0.249 0
2.021 -0.245 0
2.022 -0.24 0
2.024 -0.235 0
2.025 -0.231 0
2.026 -0.226 0
2.027 -0.221 0
2.028 -0.216 0
2.029 -0.212 0
2.03 -0.207 0
2.031 -0.202 0
2.032 -0.197 0
2.033 -0.192 0
2.034 -0.188 0
2.034 -0.183 0
2.035 -0.178 0
2.036 -0.173 0
2.037 -0.169 0
2.038 -0.164 0
2.039 -0.159 0
2.04 -0.155 0
2.041 -0.15 0
2.041 -0.145 0
2.042 -0.14 0
2.043 -0.135 0
2.044 -0.13 0
2.044 -0.125 0
2.045 -0.12 0
2.046 -0.115 0
2.046 -0.11 0
2.047 -0.105 0
2.048 -0.1 0
2.048 -0.096 0
2.049 -0.091 0
2.049 -0.086 0
2.05 -0.081 0
2.05 -0.076 0
2.051 -0.071 0
2.051 -0.066 0
2.052 -0.061 0
2.052 -0.056 0
2.053 -0.051 0
2.053 -0.047 0
2.054 -0.042 0
2.054 -0.037 0
2.054 -0.032 0
2.055 -0.027 0
2.055 -0.022 0
2.056 -0.018 0
2.056 -0.013 0
2.056 -0.008 0
2.057 -0.003 0
2.057 0.001 0
2.058 0.006 0
2.058 0.011 0
2.058 0.016 0
2.059 0.021 0
2.059 0.026 0
2.06 0.031 0
2.06 0.036 0
2.06 0.041 0
2.061 0.046 0
2.061 0.051 0
2.061 0.056 0
2.061 0.061 0
2.061 0.066 0
2.062 0.071 0
2.062 0.076 0
2.062 0.081 0
2.062 0.086 0
2.063 0.091 0
2.063 0.096 0
2.063 0.101 0
2.064 0.106 0
2.064 0.111 0
2.064 0.116 0
2.065 0.121 0
2.065 0.126 0
2.065 0.131 0
2.066 0.135 0
2.066 0.141 0
2.066 0.146 0
2.066 0.151 0
2.066 0.156 0
2.067 0.161 0
2.067 0.166 0
2.067 0.171 0
2.067 0.176 0
2.067 0.181 0
2.067 0.186 0
2.067 0.191 0
2.067 0.196 0
2.067 0.202 0
2.067 0.207 0
2.067 0.212 0
2.068 0.217 0
2.068 0.223 0
2.068 0.228 0
2.068 0.233 0
2.068 0.238 0
2.068 0.244 0
2.068 0.249 0
2.068 0.255 0
2.068 0.26 0
2.068 0.265 0
2.068 0.271 0
2.068 0.276 0
2.067 0.282 0
2.067 0.287 0
2.067 0.293 0
2.067 0.298 0
2.066 0.304 0
2.066 0.309 0
2.066 0.314 0
2.065 0.32 0
2.065 0.325 0
2.064 0.331 0
2.064 0.336 0
2.064 0.341 0
2.063 0.347 0
2.063 0.352 0
2.062 0.357 0
2.062 0.362 0
2.062 0.368 0
2.061 0.373 0
2.06 0.378 0
2.06 0.383 0
2.059 0.388 0
2.059 0.393 0
2.058 0.399 0
2.058 0.404 0
2.057 0.409 0
2.057 0.414 0
2.056 0.42 0
2.056 0.425 0
2.055 0.43 0
2.055 0.435 0
2.054 0.44 0
2.054 0.445 0
2.054 0.45 0
2.053 0.455 0
2.053 0.46 0
2.052 0.466 0
2.051 0.471 0
2.051 0.476 0
2.05 0.482 0
2.05 0.487 0
2.049 0.492 0
2.048 0.498 0
2.048 0.503 0
2.047 0.508 0
2.047 0.514 0
2.046 0.519 0
2.045 0.524 0
2.045 0.529 0
2.044 0.534 0
2.043 0.539 0
2.043 0.545 0
2.042 0.55 0
2.041 0.555 0
2.04 0.56 0
2.04 0.565 0
2.039 0.57 0
2.038 0.575 0
2.037 0.58 0
2.037 0.585 0
2.036 0.59 0
2.035 0.596 0
2.034 0.601 0
2.033 0.606 0
2.032 0.611 0
2.031 0.616 0
2.03 0.621 0
2.029 0.627 0
2.028 0.632 0
2.027 0.637 0
2.026 0.642 0
2.025 0.647 0
2.024 0.652 0
2.023 0.657 0
2.022 0.663 0
2.021 0.668 0
2.019 0.673 0
2.018 0.678 0
2.017 0.683 0
2.016 0.688 0
2.015 0.693 0
2.013 0.698 0
2.012 0.702 0
2.01 0.707 0
2.009 0.713 0
2.007 0.718 0
2.006 0.723 0
2.004 0.728 0
2.003 0.733 0
2.001 0.737 0
2.0 0.742 0
1.998 0.747 0
1.997 0.752 0
1.995 0.757 0
1.994 0.762 0
1.992 0.766 0
1.99 0.771 0
1.989 0.776 0
1.987 0.78 0
1.985 0.785 0
1.984 0.79 0
1.982 0.794 0
1.98 0.799 0
1.979 0.803 0
1.977 0.808 0
1.975 0.813 0
1.974 0.817 0
1.972 0.822 0
1.97 0.827 0
1.968 0.832 0
1.967 0.836 0
1.965 0.841 0
1.963 0.846 0
1.961 0.85 0
1.959 0.855 0
1.958 0.859 0
1.956 0.864 0
1.954 0.868 0
1.952 0.873 0
1.95 0.877 0
1.948 0.881 0
1.947 0.886 0
1.945 0.89 0
1.943 0.894 0
1.941 0.898 0
1.939 0.903 0
1.938 0.907 0
1.936 0.911 0
1.934 0.915 0
1.932 0.919 0
1.931 0.924 0
1.929 0.928 0
1.927 0.932 0
1.925 0.936 0
1.923 0.94 0
1.921 0.945 0
1.919 0.949 0
1.917 0.953 0
1.915 0.958 0
1.913 0.962 0
1.911 0.966 0
1.909 0.97 0
1.907 0.975 0
1.905 0.979 0
1.903 0.983 0
1.901 0.987 0
1.899 0.991 0
1.898 0.995 0
1.896 0.999 0
1.894 1.003 0
1.892 1.007 0
1.89 1.011 0
1.888 1.015 0
1.886 1.019 0
1.884 1.023 0
1.882 1.027 0
1.88 1.031 0
1.878 1.035 0
1.876 1.039 0
1.874 1.043 0
1.872 1.046 0
1.87 1.05 0
1.868 1.054 0
1.866 1.058 0
1.864 1.061 0
1.862 1.065 0
1.86 1.068 0
1.858 1.072 0
1.856 1.075 0
1.854 1.079 0
1.852 1.082 0
1.85 1.086 0
1.848 1.089 0
1.846 1.093 0
1.844 1.096 0
1.842 1.099 0
1.84 1.103 0
1.838 1.106 0
1.836 1.109 0
1.833 1.113 0
1.831 1.116 0
1.829 1.119 0
1.827 1.122 0
1.825 1.126 0
1.823 1.129 0
1.821 1.132 0
1.819 1.135 0
1.816 1.139 0
1.814 1.142 0
1.812 1.145 0
1.81 1.148 0
1.808 1.152 0
1.806 1.155 0
1.804 1.158 0
1.802 1.161 0
1.799 1.164 0
1.797 1.167 0
1.795 1.17 0
1.793 1.173 0
1.791 1.176 0
1.789 1.179 0
1.787 1.182 0
1.785 1.185 0
1.783 1.188 0
1.781 1.191 0
1.779 1.194 0
1.777 1.197 0
1.774 1.2 0
1.772 1.203 0
1.77 1.206 0
1.768 1.209 0
1.766 1.212 0
1.764 1.215 0
1.762 1.218 0
1.76 1.22 0
1.758 1.223 0
1.756 1.226 0
1.753 1.229 0
1.751 1.232 0
1.749 1.234 0
1.747 1.237 0
1.745 1.24 0
1.742 1.242 0
1.74 1.245 0
1.738 1.248 0
1.736 1.251 0
1.734 1.253 0
1.731 1.256 0
1.729 1.258 0
1.727 1.261 0
1.725 1.264 0
1.723 1.267 0
1.72 1.269 0
1.718 1.272 0
1.716 1.274 0
1.714 1.277 0
1.711 1.28 0
1.709 1.283 0
1.707 1.285 0
1.705 1.288 0
1.703 1.291 0
1.7 1.294 0
1.698 1.296 0
1.696 1.299 0
1.694 1.302 0
1.692 1.304 0
1.689 1.307 0
1.687 1.31 0
1.685 1.313 0
1.683 1.316 0
1.681 1.319 0
1.679 1.322 0
1.676 1.324 0
1.674 1.327 0
1.672 1.33 0
1.67 1.333 0
1.668 1.336 0
1.666 1.339 0
1.664 1.342 0
1.662 1.345 0
1.659 1.348 0
1.657 1.351 0
1.655 1.354 0
1.653 1.357 0
1.65 1.36 0
1.648 1.363 0
1.646 1.366 0
1.643 1.369 0
1.641 1.372 0
1.638 1.375 0
1.636 1.378 0
1.633 1.381 0
1.631 1.384 0
1.628 1.388 0
1.626 1.391 0
1.623 1.394 0
1.621 1.398 0
1.618 1.401 0
1.615 1.404 0
1.613 1.408 0
1.61 1.411 0
1.607 1.414 0
1.605 1.418 0
1.602 1.421 0
1.599 1.424 0
1.597 1.428 0
1.594 1.431 0
1.591 1.435 0
1.588 1.438 0
1.585 1.442 0
1.583 1.445 0
1.58 1.449 0
1.577 1.453 0
1.574 1.456 0
1.572 1.46 0
1.569 1.463 0
1.566 1.467 0
1.563 1.47 0
1.56 1.474 0
1.557 1.477 0
1.555 1.481 0
1.552 1.484 0
1.549 1.488 0
1.546 1.491 0
1.543 1.495 0
1.54 1.498 0
1.536 1.502 0
1.533 1.505 0
1.53 1.509 0
1.527 1.513 0
1.524 1.516 0
1.521 1.52 0
1.517 1.523 0
1.514 1.527 0
1.511 1.53 0
1.508 1.534 0
1.504 1.538 0
1.501 1.541 0
1.498 1.545 0
1.495 1.548 0
1.491 1.552 0
1.488 1.555 0
1.485 1.559 0
1.481 1.563 0
1.478 1.566 0
1.474 1.57 0
1.471 1.573 0
1.468 1.577 0
1.464 1.58 0
1.461 1.584 0
1.457 1.588 0
1.454 1.591 0
1.45 1.595 0
1.447 1.598 0
1.443 1.602 0
1.44 1.605 0
1.436 1.609 0
1.432 1.612 0
1.429 1.616 0
1.425 1.619 0
1.422 1.623 0
1.418 1.626 0
1.414 1.629 0
1.411 1.633 0
1.407 1.636 0
1.403 1.64 0
1.4 1.643 0
1.396 1.647 0
1.392 1.65 0
1.388 1.654 0
1.385 1.657 0
1.381 1.66 0
1.377 1.664 0
1.374 1.667 0
1.37 1.671 0
1.366 1.674 0
1.362 1.677 0
1.359 1.681 0
1.355 1.684 0
1.351 1.687 0
1.347 1.691 0
1.344 1.694 0
1.34 1.697 0
1.336 1.7 0
1.333 1.704 0
1.329 1.707 0
1.326 1.71 0
1.323 1.712 0
1.319 1.715 0
1.316 1.718 0
1.312 1.721 0
1.309 1.724 0
1.305 1.727 0
1.302 1.73 0
1.298 1.732 0
1.295 1.735 0
1.291 1.738 0
1.287 1.741 0
1.284 1.744 0
1.28 1.747 0
1.277 1.749 0
1.273 1.752 0
1.27 1.755 0
1.266 1.758 0
1.262 1.761 0
1.259 1.763 0
1.255 1.766 0
1.251 1.769 0
1.248 1.772 0
1.244 1.775 0
1.24 1.777 0
1.236 1.78 0
1.232 1.783 0
1.229 1.785 0
1.225 1.788 0
1.221 1.791 0
1.217 1.794 0
1.214 1.796 0
1.21 1.799 0
1.206 1.801 0
1.202 1.804 0
1.198 1.807 0
1.195 1.809 0
1.191 1.812 0
1.187 1.814 0
1.183 1.817 0
1.179 1.82 0
1.176 1.822 0
1.172 1.825 0
1.168 1.827 0
1.164 1.83 0
1.16 1.832 0
1.156 1.835 0
1.152 1.837 0
1.149 1.84 0
1.145 1.842 0
1.141 1.845 0
1.137 1.847 0
1.133 1.849 0
1.13 1.852 0
1.126 1.854 0
1.122 1.856 0
1.118 1.859 0
1.115 1.861 0
1.111 1.863 0
1.107 1.866 0
1.103 1.868 0
1.099 1.87 0
1.096 1.873 0
1.092 1.875 0
1.088 1.877 0
1.084 1.88 0
1.08 1.882 0
1.076 1.884 0
1.072 1.887 0
1.068 1.889 0
1.064 1.891 0
1.06 1.894 0
1.056 1.896 0
1.052 1.899 0
1.048 1.901 0
1.043 1.903 0
1.039 1.906 0
1.035 1.908 0
1.031 1.91 0
1.027 1.913 0
1.022 1.915 0
1.018 1.917 0
1.014 1.92 0
1.01 1.922 0
1.006 1.924 0
1.002 1.926 0
0.999 1.928 0
0.995 1.931 0
0.991 1.933 0
0.987 1.935 0
0.983 1.937 0
0.979 1.939 0
0.975 1.941 0
0.971 1.944 0
0.967 1.946 0
0.964 1.948 0
0.96 1.95 0
0.956 1.952 0
0.953 1.954 0
0.949 1.955 0
0.946 1.957 0
0.942 1.959 0
0.938 1.961 0
0.935 1.963 0
0.931 1.965 0
0.927 1.967 0
0.924 1.969 0
0.92 1.971 0
0.917 1.973 0
0.913 1.974 0
0.909 1.976 0
0.906 1.978 0
0.902 1.98 0
0.898 1.982 0
0.895 1.983 0
0.891 1.985 0
0.888 1.987 0
0.884 1.988 0
0.88 1.99 0
0.877 1.992 0
0.873 1.994 0
0.87 1.995 0
0.866 1.997 0
0.862 1.999 0
0.859 2.0 0
0.855 2.002 0
0.851 2.004 0
0.848 2.006 0
0.844 2.007 0
0.84 2.009 0
0.837 2.011 0
0.833 2.012 0
0.829 2.014 0
0.826 2.016 0
0.822 2.018 0
0.818 2.019 0
0.815 2.021 0
0.811 2.023 0
0.807 2.025 0
0.803 2.027 0
0.799 2.029 0
0.796 2.031 0
0.792 2.033 0
0.788 2.035 0
0.784 2.037 0
0.78 2.039 0
0.776 2.041 0
0.772 2.042 0
0.768 2.044 0
0.764 2.046 0
0.76 2.048 0
0.756 2.05 0
0.752 2.052 0
0.747 2.054 0
0.743 2.055 0
0.738 2.057 0
0.734 2.059 0
0.73 2.061 0
0.726 2.062 0
0.721 2.064 0
0.717 2.066 0
0.713 2.067 0
0.708 2.069 0
0.704 2.07 0
0.7 2.072 0
0.696 2.073 0
0.691 2.075 0
0.687 2.076 0
0.683 2.078 0
0.679 2.079 0
0.674 2.081 0
0.67 2.082 0
0.666 2.083 0
0.661 2.085 0
0.657 2.086 0
0.653 2.088 0
0.648 2.089 0
0.644 2.091 0
0.64 2.092 0
0.635 2.094 0
0.631 2.095 0
0.627 2.096 0
0.622 2.098 0
0.618 2.099 0
0.614 2.101 0
0.609 2.102 0
0.605 2.103 0
0.601 2.105 0
0.597 2.106 0
0.592 2.107 0
0.588 2.109 0
0.584 2.11 0
0.579 2.111 0
0.575 2.113 0
0.571 2.114 0
0.566 2.115 0
0.562 2.116 0
0.558 2.117 0
0.553 2.118 0
0.549 2.12 0
0.545 2.121 0
0.541 2.122 0
0.536 2.123 0
0.532 2.124 0
0.528 2.125 0
0.523 2.127 0
0.519 2.128 0
0.515 2.129 0
0.51 2.13 0
0.506 2.131 0
0.501 2.133 0
0.497 2.134 0
0.492 2.135 0
0.488 2.136 0
0.484 2.137 0
0.479 2.138 0
0.475 2.139 0
0.47 2.141 0
0.466 2.142 0
0.461 2.143 0
0.456 2.144 0
0.452 2.145 0
0.447 2.146 0
0.443 2.148 0
0.439 2.149 0
0.434 2.15 0
0.43 2.151 0
0.425 2.152 0
0.421 2.153 0
0.417 2.154 0
0.412 2.155 0
0.408 2.156 0
0.404 2.156 0
0.399 2.157 0
0.395 2.158 0
0.391 2.159 0
0.386 2.16 0
0.382 2.161 0
0.377 2.161 0
0.373 2.162 0
0.369 2.163 0
0.364 2.164 0
0.36 2.165 0
0.356 2.165 0
0.351 2.166 0
0.347 2.167 0
0.343 2.168 0
0.338 2.168 0
0.334 2.169 0
0.33 2.17 0
0.325 2.171 0
0.321 2.172 0
0.317 2.172 0
0.312 2.173 0
0.308 2.174 0
0.304 2.175 0
0.299 2.176 0
0.295 2.177 0
0.29 2.177 0
0.286 2.178 0
0.281 2.179 0
0.277 2.18 0
0.272 2.181 0
0.268 2.182 0
0.263 2.183 0
0.259 2.184 0
0.254 2.185 0
0.25 2.186 0
0.245 2.187 0
0.241 2.188 0
0.236 2.189 0
0.232 2.19 0
0.228 2.191 0
0.223 2.191 0
0.218 2.192 0
0.214 2.193 0
0.209 2.194 0
0.205 2.195 0
0.2 2.196 0
0.196 2.197 0
0.191 2.198 0
0.187 2.199 0
0.182 2.2 0
0.177 2.2 0
0.172 2.201 0
0.168 2.202 0
0.163 2.203 0
0.159 2.204 0
0.154 2.204 0
0.149 2.205 0
0.144 2.206 0
0.14 2.207 0
0.135 2.207 0
0.131 2.208 0
0.126 2.209 0
0.122 2.209 0
0.117 2.21 0
0.112 2.21 0
0.108 2.211 0
0.103 2.212 0
0.098 2.212 0
0.094 2.213 0
0.089 2.213 0
0.084 2.214 0
0.079 2.214 0
0.074 2.215 0
0.069 2.215 0
0.064 2.216 0
0.06 2.216 0
0.055 2.216 0
0.05 2.217 0
0.046 2.217 0
0.041 2.218 0
0.036 2.218 0
0.032 2.218 0
0.027 2.219 0
0.023 2.219 0
0.019 2.219 0
0.014 2.22 0
0.01 2.22 0
0.005 2.22 0
0.001 2.22 0
-0.004 2.221 0
-0.008 2.221 0
-0.013 2.221 0
-0.017 2.221 0
-0.022 2.222 0
-0.026 2.222 0
-0.03 2.222 0
-0.035 2.222 0
-0.039 2.223 0
-0.043 2.223 0
-0.048 2.223 0
-0.052 2.224 0
-0.056 2.224 0
-0.061 2.224 0
-0.065 2.224 0
-0.069 2.224 0
-0.074 2.224 0
-0.078 2.225 0
-0.083 2.225 0
-0.088 2.225 0
-0.092 2.225 0
-0.097 2.225 0
-0.101 2.225 0
-0.106 2.225 0
-0.111 2.225 0
-0.116 2.225 0
-0.121 2.225 0
-0.126 2.225 0
-0.131 2.225 0
-0.136 2.225 0
-0.141 2.225 0
-0.145 2.225 0
-0.15 2.226 0
-0.155 2.226 0
-0.16 2.226 0
-0.165 2.226 0
-0.17 2.226 0
-0.175 2.226 0
-0.18 2.226 0
-0.185 2.226 0
-0.19 2.226 0
-0.195 2.226 0
-0.2 2.226 0
-0.205 2.226 0
-0.21 2.226 0
-0.214 2.226 0
-0.219 2.226 0
-0.224 2.226 0
-0.229 2.226 0
-0.234 2.226 0
-0.238 2.226 0
-0.243 2.225 0
-0.248 2.225 0
-0.253 2.225 0
-0.258 2.225 0
-0.264 2.224 0
-0.269 2.224 0
-0.274 2.224 0
-0.279 2.223 0
-0.284 2.223 0
-0.289 2.223 0
-0.295 2.222 0
-0.3 2.222 0
-0.305 2.222 0
-0.31 2.222 0
-0.316 2.221 0
-0.321 2.221 0
-0.326 2.221 0
-0.332 2.22 0
-0.337 2.22 0
-0.342 2.22 0
-0.347 2.219 0
-0.352 2.219 0
-0.358 2.218 0
-0.363 2.218 0
-0.368 2.217 0
-0.374 2.217 0
-0.379 2.216 0
-0.385 2.216 0
-0.39 2.215 0
-0.396 2.214 0
-0.401 2.214 0
-0.407 2.213 0
-0.412 2.212 0
-0.418 2.212 0
-0.423 2.211 0
-0.429 2.21 0
-0.434 2.21 0
-0.44 2.209 0
-0.445 2.208 0
-0.451 2.207 0
-0.457 2.207 0
-0.462 2.206 0
-0.468 2.205 0
-0.474 2.204 0
-0.479 2.203 0
-0.485 2.202 0
-0.491 2.201 0
-0.496 2.2 0
-0.502 2.199 0
-0.507 2.198 0
-0.513 2.197 0
-0.518 2.196 0
-0.524 2.195 0
-0.529 2.194 0
-0.535 2.193 0
-0.541 2.192 0
-0.546 2.19 0
-0.552 2.189 0
-0.558 2.188 0
-0.563 2.187 0
-0.569 2.185 0
-0.575 2.184 0
-0.581 2.183 0
-0.586 2.182 0
-0.592 2.18 0
-0.598 2.179 0
-0.604 2.178 0
-0.61 2.176 0
-0.616 2.175 0
-0.622 2.173 0
-0.627 2.172 0
-0.633 2.171 0
-0.639 2.169 0
-0.645 2.168 0
-0.65 2.166 0
-0.656 2.165 0
-0.662 2.163 0
-0.668 2.162 0
-0.673 2.161 0
-0.679 2.159 0
-0.685 2.158 0
-0.691 2.156 0
-0.697 2.155 0
-0.703 2.153 0
-0.709 2.152 0
-0.715 2.15 0
-0.721 2.149 0
-0.726 2.147 0
-0.732 2.146 0
-0.738 2.144 0
-0.744 2.143 0
-0.749 2.141 0
-0.755 2.14 0
-0.761 2.138 0
-0.767 2.137 0
-0.772 2.135 0
-0.778 2.134 0
-0.784 2.132 0
-0.789 2.131 0
-0.795 2.129 0
-0.801 2.127 0
-0.807 2.126 0
-0.813 2.124 0
-0.819 2.122 0
-0.825 2.121 0
-0.83 2.119 0
-0.836 2.117 0
-0.842 2.115 0
-0.848 2.113 0
-0.853 2.111 0
-0.859 2.109 0
-0.865 2.108 0
-0.87 2.106 0
-0.876 2.104 0
-0.882 2.102 0
-0.888 2.1 0
-0.893 2.098 0
-0.899 2.096 0
-0.905 2.094 0
-0.91 2.092 0
-0.916 2.09 0
-0.922 2.088 0
-0.928 2.086 0
-0.934 2.084 0
-0.939 2.081 0
-0.945 2.079 0
-0.951 2.077 0
-0.957 2.075 0
-0.962 2.073 0
-0.968 2.07 0
-0.974 2.068 0
-0.98 2.066 0
-0.986 2.064 0
-0.992 2.061 0
-0.997 2.059 0
-1.003 2.057 0
-1.009 2.055 0
-1.014 2.053 0
-1.02 2.051 0
-1.026 2.048 0
-1.032 2.046 0
-1.038 2.044 0
-1.044 2.042 0
-1.05 2.04 0
-1.056 2.038 0
-1.062 2.035 0
-1.068 2.033 0
-1.074 2.031 0
-1.08 2.028 0
-1.086 2.026 0
-1.092 2.023 0
-1.099 2.021 0
-1.105 2.018 0
-1.111 2.016 0
-1.117 2.013 0
-1.124 2.01 0
-1.13 2.008 0
-1.136 2.005 0
-1.143 2.002 0
-1.149 1.999 0
-1.155 1.996 0
-1.161 1.993 0
-1.168 1.99 0
-1.174 1.987 0
-1.18 1.984 0
-1.187 1.981 0
-1.193 1.978 0
-1.199 1.976 0
-1.205 1.973 0
-1.211 1.97 0
-1.217 1.967 0
-1.224 1.964 0
-1.23 1.962 0
-1.236 1.959 0
-1.242 1.956 0
-1.248 1.953 0
-1.254 1.95 0
-1.26 1.947 0
-1.266 1.944 0
-1.272 1.942 0
-1.278 1.939 0
-1.284 1.936 0
-1.29 1.933 0
-1.296 1.929 0
-1.302 1.926 0
-1.309 1.923 0
-1.315 1.92 0
-1.321 1.916 0
-1.327 1.913 0
-1.333 1.91 0
-1.339 1.906 0
-1.344 1.903 0
-1.35 1.9 0
-1.357 1.896 0
-1.363 1.893 0
-1.369 1.889 0
-1.375 1.886 0
-1.381 1.882 0
-1.387 1.879 0
-1.393 1.875 0
-1.399 1.872 0
-1.404 1.869 0
-1.41 1.865 0
-1.416 1.862 0
-1.422 1.858 0
-1.427 1.855 0
-1.433 1.851 0
-1.439 1.848 0
-1.444 1.844 0
-1.45 1.841 0
-1.455 1.837 0
-1.461 1.834 0
-1.466 1.83 0
-1.472 1.827 0
-1.477 1.824 0
-1.483 1.82 0
-1.488 1.817 0
-1.494 1.813 0
-1.499 1.81 0
-1.505 1.806 0
-1.51 1.803 0
-1.516 1.799 0
-1.521 1.796 0
-1.527 1.792 0
-1.532 1.789 0
-1.538 1.785 0
-1.543 1.782 0
-1.548 1.778 0
-1.554 1.775 0
-1.559 1.772 0
-1.564 1.768 0
-1.569 1.765 0
-1.574 1.762 0
-1.58 1.759 0
-1.585 1.755 0
-1.589 1.752 0
-1.594 1.749 0
-1.599 1.746 0
-1.604 1.743 0
-1.609 1.74 0
-1.614 1.736 0
-1.619 1.733 0
-1.624 1.73 0
-1.629 1.727 0
-1.634 1.723 0
-1.639 1.72 0
-1.644 1.716 0
-1.649 1.713 0
-1.654 1.71 0
-1.659 1.706 0
-1.663 1.703 0
-1.668 1.699 0
-1.673 1.696 0
-1.678 1.692 0
-1.683 1.689 0
-1.688 1.685 0
-1.693 1.682 0
-1.698 1.678 0
-1.703 1.674 0
-1.709 1.671 0
-1.714 1.667 0
-1.719 1.663 0
-1.724 1.659 0
-1.729 1.656 0
-1.734 1.652 0
-1.739 1.648 0
-1.744 1.645 0
-1.749 1.641 0
-1.754 1.637 0
-1.76 1.633 0
-1.765 1.629 0
-1.77 1.625 0
-1.775 1.621 0
-1.78 1.617 0
-1.785 1.613 0
-1.79 1.609 0
-1.795 1.605 0
-1.8 1.601 0
-1.805 1.597 0
-1.81 1.592 0
-1.815 1.588 0
-1.82 1.584 0
-1.825 1.579 0
-1.83 1.575 0
-1.835 1.571 0
-1.84 1.566 0
-1.845 1.562 0
-1.85 1.558 0
-1.854 1.553 0
-1.859 1.549 0
-1.864 1.545 0
-1.869 1.54 0
-1.874 1.535 0
-1.879 1.531 0
-1.884 1.526 0
-1.889 1.521 0
-1.894 1.517 0
-1.899 1.512 0
-1.904 1.507 0
-1.909 1.503 0
-1.914 1.498 0
-1.92 1.494 0
-1.925 1.489 0
-1.93 1.484 0
-1.935 1.479 0
-1.94 1.474 0
-1.945 1.469 0
-1.951 1.464 0
-1.956 1.459 0
-1.961 1.454 0
-1.966 1.449 0
-1.971 1.444 0
-1.976 1.439 0
-1.982 1.434 0
-1.987 1.429 0
-1.992 1.424 0
-1.997 1.418 0
-2.002 1.413 0
-2.008 1.408 0
-2.013 1.403 0
-2.018 1.398 0
-2.023 1.393 0
-2.028 1.387 0
-2.033 1.382 0
-2.038 1.377 0
-2.044 1.372 0
-2.049 1.366 0
-2.053 1.361 0
-2.058 1.356 0
-2.063 1.351 0
-2.068 1.346 0
-2.073 1.341 0
-2.077 1.336 0
-2.082 1.331 0
-2.087 1.325 0
-2.091 1.32 0
-2.096 1.315 0
-2.101 1.31 0
-2.105 1.305 0
-2.109 1.3 0
-2.114 1.295 0
-2.118 1.29 0
-2.123 1.285 0
-2.127 1.279 0
-2.132 1.274 0
-2.136 1.269 0
-2.141 1.264 0
-2.145 1.259 0
-2.15 1.254 0
-2.154 1.248 0
-2.158 1.243 0
-2.163 1.238 0
-2.167 1.233 0
-2.171 1.228 0
-2.176 1.223 0
-2.18 1.218 0
-2.184 1.212 0
-2.188 1.207 0
-2.193 1.202 0
-2.197 1.197 0
-2.201 1.191 0
-2.205 1.186 0
-2.209 1.18 0
-2.214 1.175 0
-2.218 1.169 0
-2.222 1.164 0
-2.226 1.158 0
-2.231 1.153 0
-2.235 1.147 0
-2.239 1.142 0
-2.243 1.136 0
-2.247 1.131 0
-2.251 1.125 0
-2.255 1.12 0
-2.259 1.114 0
-2.264 1.109 0
-2.268 1.103 0
-2.272 1.098 0
-2.276 1.092 0
-2.28 1.086 0
-2.284 1.081 0
-2.288 1.075 0
-2.293 1.07 0
-2.297 1.064 0
-2.301 1.058 0
-2.305 1.053 0
-2.309 1.047 0
-2.313 1.041 0
-2.318 1.035 0
-2.322 1.029 0
-2.326 1.024 0
-2.33 1.018 0
-2.334 1.012 0
-2.338 1.006 0
-2.342 1.0 0
-2.347 0.994 0
-2.351 0.989 0
-2.355 0.983 0
-2.359 0.977 0
-2.363 0.97 0
-2.367 0.964 0
-2.371 0.958 0
-2.375 0.952 0
-2.379 0.946 0
-2.384 0.939 0
-2.388 0.933 0
-2.392 0.927 0
-2.396 0.92 0
-2.4 0.914 0
-2.404 0.908 0
-2.408 0.901 0
-2.413 0.895 0
-2.417 0.889 0
-2.421 0.882 0
-2.425 0.876 0
-2.429 0.87 0
-2.433 0.863 0
-2.437 0.857 0
-2.441 0.85 0
-2.445 0.844 0
-2.449 0.838 0
-2.453 0.831 0
-2.457 0.825 0
-2.46 0.818 0
-2.464 0.812 0
-2.468 0.805 0
-2.472 0.799 0
-2.476 0.792 0
-2.48 0.785 0
-2.483 0.779 0
-2.487 0.772 0
-2.491 0.766 0
-2.494 0.759 0
-2.498 0.752 0
-2.501 0.745 0
-2.505 0.738 0
-2.508 0.732 0
-2.511 0.725 0
-2.515 0.718 0
-2.518 0.711 0
-2.521 0.704 0
-2.525 0.696 0
-2.528 0.689 0
-2.531 0.682 0
-2.535 0.675 0
-2.538 0.668 0
-2.541 0.661 0
-2.544 0.654 0
-2.547 0.647 0
-2.55 0.64 0
-2.553 0.633 0
-2.556 0.626 0
-2.559 0.619 0
-2.562 0.612 0
-2.565 0.605 0
-2.567 0.598 0
-2.57 0.591 0
-2.573 0.584 0
-2.576 0.577 0
-2.578 0.571 0
-2.581 0.564 0
-2.584 0.556 0
-2.586 0.549 0
-2.589 0.542 0
-2.592 0.535 0
-2.594 0.527 0
-2.597 0.52 0
-2.6 0.512 0
-2.602 0.505 0
-2.605 0.497 0
-2.608 0.49 0
-2.611 0.482 0
-2.613 0.475 0
-2.616 0.467 0
-2.618 0.459 0
-2.621 0.452 0
-2.624 0.444 0
-2.626 0.436 0
-2.629 0.429 0
-2.632 0.421 0
-2.634 0.413 0
-2.637 0.405 0
-2.639 0.397 0
-2.642 0.389 0
-2.644 0.381 0
-2.647 0.374 0
-2.65 0.366 0
-2.652 0.358 0
-2.655 0.35 0
-2.657 0.343 0
-2.659 0.335 0
-2.662 0.327 0
-2.664 0.319 0
-2.667 0.311 0
-2.669 0.304 0
-2.671 0.296 0
-2.673 0.288 0
-2.676 0.28 0
-2.678 0.272 0
-2.68 0.264 0
-2.682 0.257 0
-2.684 0.249 0
-2.686 0.241 0
-2.688 0.233 0
-2.69 0.225 0
-2.692 0.218 0
-2.694 0.21 0
-2.695 0.202 0
-2.697 0.194 0
-2.699 0.186 0
-2.701 0.178 0
-2.702 0.17 0
-2.704 0.162 0
-2.706 0.154 0
-2.707 0.145 0
-2.709 0.137 0
-2.711 0.129 0
-2.712 0.121 0
-2.714 0.112 0
-2.716 0.104 0
-2.717 0.096 0
-2.718 0.088 0
-2.72 0.079 0
-2.721 0.071 0
-2.723 0.062 0
-2.724 0.054 0
-2.726 0.046 0
-2.727 0.037 0
-2.728 0.029 0
-2.73 0.021 0
-2.731 0.012 0
-2.732 0.004 0
-2.733 -0.005 0
-2.734 -0.013 0
-2.735 -0.022 0
-2.737 -0.031 0
-2.738 -0.04 0
-2.739 -0.048 0
-2.74 -0.057 0
-2.741 -0.066 0
-2.742 -0.074 0
-2.743 -0.083 0
-2.744 -0.092 0
-2.745 -0.1 0
-2.746 -0.109 0
-2.746 -0.118 0
-2.747 -0.126 0
-2.748 -0.135 0
-2.749 -0.144 0
-2.75 -0.152 0
-2.751 -0.161 0
-2.751 -0.17 0
-2.752 -0.178 0
-2.753 -0.187 0
-2.753 -0.195 0
-2.754 -0.204 0
-2.755 -0.213 0
-2.755 -0.221 0
-2.756 -0.23 0
-2.756 -0.238 0
-2.757 -0.247 0
-2.757 -0.255 0
-2.758 -0.264 0
-2.758 -0.272 0
-2.759 -0.281 0
-2.759 -0.289 0
-2.76 -0.298 0
-2.76 -0.306 0
-2.76 -0.314 0
-2.761 -0.322 0
-2.761 -0.33 0
-2.761 -0.338 0
-2.762 -0.346 0
-2.762 -0.354 0
-2.762 -0.361 0
-2.762 -0.369 0
-2.763 -0.377 0
-2.763 -0.385 0
-2.763 -0.393 0
-2.763 -0.401 0
-2.763 -0.409 0
-2.763 -0.416 0
-2.763 -0.424 0
-2.762 -0.432 0
-2.762 -0.44 0
-2.762 -0.448 0
-2.762 -0.456 0
-2.762 -0.464 0
-2.761 -0.471 0
-2.761 -0.479 0
-2.761 -0.487 0
-2.761 -0.495 0
-2.76 -0.503 0
-2.76 -0.511 0
-2.76 -0.519 0
-2.759 -0.527 0
-2.759 -0.535 0
-2.758 -0.542 0
-2.758 -0.55 0
-2.758 -0.558 0
-2.757 -0.566 0
-2.757 -0.574 0
-2.756 -0.581 0
-2.756 -0.589 0
-2.755 -0.597 0
-2.755 -0.605 0
-2.754 -0.613 0
-2.754 -0.62 0
-2.753 -0.628 0
-2.752 -0.636 0
-2.752 -0.644 0
-2.751 -0.652 0
-2.751 -0.66 0
-2.75 -0.667 0
-2.749 -0.675 0
-2.749 -0.682 0
-2.748 -0.69 0
-2.747 -0.697 0
-2.746 -0.705 0
-2.746 -0.713 0
-2.745 -0.72 0
-2.744 -0.728 0
-2.743 -0.735 0
-2.742 -0.743 0
-2.741 -0.751 0
-2.741 -0.758 0
-2.74 -0.766 0
-2.739 -0.774 0
-2.738 -0.782 0
-2.737 -0.79 0
-2.736 -0.798 0
-2.735 -0.806 0
-2.734 -0.814 0
-2.733 -0.821 0
-2.732 -0.829 0
-2.731 -0.837 0
-2.73 -0.845 0
-2.728 -0.853 0
-2.727 -0.861 0
-2.726 -0.869 0
-2.725 -0.877 0
-2.724 -0.884 0
-2.723 -0.892 0
-2.722 -0.9 0
-2.72 -0.908 0
-2.719 -0.916 0
-2.718 -0.924 0
-2.717 -0.932 0
-2.715 -0.94 0
-2.714 -0.947 0
-2.713 -0.955 0
-2.712 -0.962 0
-2.71 -0.97 0
-2.709 -0.978 0
-2.708 -0.985 0
-2.707 -0.993 0
-2.705 -1.0 0
-2.704 -1.008 0
-2.703 -1.016 0
-2.701 -1.023 0
-2.7 -1.031 0
-2.699 -1.039 0
-2.697 -1.046 0
-2.696 -1.054 0
-2.695 -1.062 0
-2.693 -1.069 0
-2.692 -1.077 0
-2.69 -1.084 0
-2.689 -1.092 0
-2.688 -1.1 0
-2.686 -1.107 0
-2.685 -1.115 0
-2.683 -1.122 0
-2.682 -1.13 0
-2.681 -1.137 0
-2.679 -1.145 0
-2.678 -1.152 0
-2.676 -1.16 0
-2.675 -1.168 0
-2.673 -1.176 0
-2.672 -1.183 0
-2.67 -1.191 0
-2.669 -1.199 0
-2.667 -1.206 0
-2.666 -1.214 0
-2.664 -1.221 0
-2.662 -1.228 0
-2.661 -1.236 0
-2.659 -1.243 0
-2.657 -1.251 0
-2.656 -1.258 0
-2.654 -1.266 0
-2.652 -1.273 0
-2.65 -1.281 0
-2.648 -1.288 0
-2.647 -1.296 0
-2.645 -1.304 0
-2.643 -1.311 0
-2.641 -1.319 0
-2.639 -1.326 0
-2.637 -1.334 0
-2.634 -1.342 0
-2.632 -1.349 0
-2.63 -1.356 0
-2.628 -1.364 0
-2.626 -1.371 0
-2.624 -1.378 0
-2.623 -1.385 0
-2.62 -1.393 0
-2.618 -1.4 0
-2.616 -1.407 0
-2.614 -1.415 0
-2.611 -1.422 0
-2.609 -1.429 0
-2.607 -1.437 0
-2.605 -1.444 0
-2.602 -1.452 0
-2.6 -1.459 0
-2.598 -1.466 0
-2.595 -1.473 0
-2.593 -1.481 0
-2.59 -1.488 0
-2.588 -1.496 0
-2.585 -1.503 0
-2.583 -1.511 0
-2.58 -1.518 0
-2.578 -1.526 0
-2.575 -1.533 0
-2.572 -1.541 0
-2.57 -1.548 0
-2.567 -1.556 0
-2.564 -1.564 0
-2.561 -1.571 0
-2.559 -1.579 0
-2.556 -1.587 0
-2.553 -1.594 0
-2.55 -1.602 0
-2.547 -1.61 0
-2.544 -1.618 0
-2.541 -1.626 0
-2.537 -1.634 0
-2.534 -1.641 0
-2.531 -1.649 0
-2.528 -1.658 0
-2.525 -1.666 0
-2.521 -1.674 0
-2.518 -1.682 0
-2.515 -1.689 0
-2.511 -1.697 0
-2.508 -1.705 0
-2.505 -1.713 0
-2.501 -1.721 0
-2.498 -1.729 0
-2.494 -1.737 0
-2.491 -1.745 0
-2.487 -1.753 0
-2.484 -1.761 0
-2.48 -1.769 0
-2.477 -1.776 0
-2.473 -1.784 0
-2.47 -1.792 0
-2.466 -1.8 0
-2.463 -1.808 0
-2.459 -1.816 0
-2.456 -1.824 0
-2.452 -1.831 0
-2.448 -1.839 0
-2.445 -1.847 0
-2.441 -1.855 0
-2.438 -1.862 0
-2.434 -1.87 0
-2.43 -1.878 0
-2.426 -1.886 0
-2.422 -1.894 0
-2.419 -1.902 0
-2.415 -1.91 0
-2.411 -1.917 0
-2.407 -1.925 0
-2.403 -1.933 0
-2.399 -1.941 0
-2.395 -1.948 0
-2.391 -1.956 0
-2.387 -1.964 0
-2.383 -1.972 0
-2.379 -1.979 0
-2.375 -1.987 0
-2.371 -1.995 0
-2.366 -2.003 0
-2.362 -2.011 0
-2.358 -2.019 0
-2.354 -2.026 0
-2.35 -2.034 0
-2.345 -2.042 0
-2.341 -2.05 0
-2.337 -2.057 0
-2.332 -2.065 0
-2.328 -2.073 0
-2.324 -2.081 0
-2.319 -2.089 0
-2.314 -2.096 0
-2.31 -2.104 0
-2.305 -2.112 0
-2.3 -2.12 0
-2.296 -2.128 0
-2.291 -2.136 0
-2.286 -2.144 0
-2.281 -2.152 0
-2.276 -2.16 0
-2.271 -2.167 0
-2.266 -2.175 0
-2.262 -2.182 0
-2.257 -2.19 0
-2.252 -2.197 0
-2.247 -2.205 0
-2.242 -2.212 0
-2.237 -2.22 0
-2.231 -2.227 0
-2.226 -2.235 0
-2.221 -2.243 0
-2.216 -2.25 0
-2.21 -2.257 0
-2.205 -2.265 0
-2.2 -2.272 0
-2.195 -2.28 0
-2.189 -2.287 0
-2.184 -2.294 0
-2.179 -2.302 0
-2.174 -2.309 0
-2.168 -2.316 0
-2.163 -2.324 0
-2.158 -2.331 0
-2.152 -2.338 0
-2.147 -2.346 0
-2.141 -2.353 0
-2.135 -2.36 0
-2.13 -2.368 0
-2.124 -2.375 0
-2.118 -2.383 0
-2.112 -2.39 0
-2.107 -2.398 0
-2.101 -2.405 0
-2.095 -2.413 0
-2.089 -2.42 0
-2.083 -2.428 0
-2.077 -2.435 0
-2.071 -2.443 0
-2.065 -2.45 0
-2.059 -2.458 0
-2.053 -2.465 0
-2.047 -2.473 0
-2.041 -2.48 0
-2.035 -2.488 0
-2.029 -2.495 0
-2.023 -2.503 0
-2.017 -2.51 0
-2.011 -2.518 0
-2.005 -2.525 0
-1.999 -2.533 0
-1.992 -2.54 0
-1.986 -2.548 0
-1.98 -2.555 0
-1.974 -2.562 0
-1.968 -2.57 0
-1.962 -2.577 0
-1.956 -2.584 0
-1.95 -2.592 0
-1.943 -2.599 0
-1.937 -2.606 0
-1.93 -2.614 0
-1.924 -2.621 0
-1.917 -2.629 0
-1.911 -2.636 0
-1.904 -2.643 0
-1.897 -2.651 0
-1.891 -2.658 0
-1.884 -2.666 0
-1.877 -2.673 0
-1.87 -2.681 0
-1.864 -2.688 0
-1.857 -2.695 0
-1.85 -2.703 0
-1.843 -2.71 0
-1.836 -2.717 0
-1.829 -2.725 0
-1.822 -2.732 0
-1.815 -2.739 0
-1.808 -2.746 0
-1.8 -2.753 0
-1.793 -2.761 0
-1.786 -2.768 0
-1.779 -2.775 0
-1.771 -2.782 0
-1.764 -2.789 0
-1.757 -2.796 0
-1.75 -2.803 0
-1.742 -2.81 0
-1.735 -2.817 0
-1.727 -2.824 0
-1.72 -2.831 0
-1.712 -2.838 0
-1.705 -2.845 0
-1.697 -2.852 0
-1.689 -2.859 0
-1.682 -2.865 0
-1.674 -2.872 0
-1.666 -2.879 0
-1.659 -2.885 0
-1.651 -2.892 0
-1.643 -2.899 0
-1.635 -2.906 0
-1.628 -2.912 0
-1.62 -2.919 0
-1.612 -2.925 0
-1.604 -2.932 0
-1.595 -2.939 0
-1.587 -2.945 0
-1.579 -2.952 0
-1.571 -2.959 0
-1.562 -2.966 0
-1.553 -2.972 0
-1.545 -2.979 0
-1.536 -2.985 0
-1.528 -2.992 0
-1.519 -2.999 0
-1.51 -3.005 0
-1.502 -3.012 0
-1.493 -3.018 0
-1.484 -3.025 0
-1.476 -3.031 0
-1.467 -3.037 0
-1.458 -3.044 0
-1.449 -3.05 0
-1.44 -3.056 0
-1.431 -3.063 0
-1.422 -3.069 0
-1.413 -3.075 0
-1.405 -3.081 0
-1.396 -3.087 0
-1.387 -3.093 0
-1.378 -3.1 0
-1.369 -3.106 0
-1.36 -3.112 0
-1.351 -3.118 0
-1.342 -3.124 0
-1.333 -3.13 0
-1.324 -3.136 0
-1.316 -3.141 0
-1.307 -3.147 0
-1.298 -3.153 0
-1.289 -3.159 0
-1.28 -3.164 0
-1.271 -3.17 0
-1.263 -3.175 0
-1.254 -3.181 0
-1.245 -3.186 0
-1.236 -3.191 0
-1.228 -3.197 0
-1.219 -3.202 0
-1.21 -3.208 0
-1.201 -3.213 0
-1.192 -3.218 0
-1.183 -3.224 0
-1.174 -3.229 0
-1.164 -3.234 0
-1.155 -3.24 0
-1.145 -3.245 0
-1.136 -3.25 0
-1.126 -3.256 0
-1.116 -3.261 0
-1.106 -3.266 0
-1.096 -3.272 0
-1.086 -3.277 0
-1.076 -3.282 0
-1.067 -3.287 0
-1.057 -3.292 0
-1.047 -3.297 0
-1.037 -3.302 0
-1.028 -3.307 0
-1.018 -3.312 0
-1.008 -3.317 0
-0.999 -3.322 0
-0.989 -3.327 0
-0.979 -3.332 0
-0.97 -3.337 0
-0.96 -3.341 0
-0.951 -3.346 0
-0.942 -3.35 0
-0.932 -3.355 0
-0.923 -3.359 0
-0.913 -3.364 0
-0.904 -3.368 0
-0.894 -3.373 0
-0.885 -3.377 0
-0.875 -3.382 0
-0.866 -3.386 0
-0.856 -3.39 0
-0.846 -3.395 0
-0.837 -3.399 0
-0.827 -3.403 0
-0.817 -3.407 0
-0.807 -3.412 0
-0.797 -3.416 0
-0.787 -3.42 0
-0.777 -3.424 0
-0.767 -3.428 0
-0.757 -3.432 0
-0.747 -3.436 0
-0.737 -3.44 0
-0.727 -3.444 0
-0.718 -3.448 0
-0.708 -3.451 0
-0.698 -3.455 0
-0.689 -3.459 0
-0.679 -3.462 0
-0.67 -3.466 0
-0.661 -3.469 0
-0.652 -3.473 0
-0.643 -3.476 0
-0.634 -3.479 0
-0.624 -3.483 0
-0.615 -3.486 0
-0.606 -3.489 0
-0.597 -3.493 0
-0.587 -3.496 0
-0.578 -3.499 0
-0.568 -3.502 0
-0.558 -3.505 0
-0.548 -3.509 0
-0.539 -3.512 0
-0.529 -3.515 0
-0.519 -3.518 0
-0.51 -3.521 0
-0.5 -3.524 0
-0.49 -3.527 0
-0.481 -3.529 0
-0.471 -3.532 0
-0.461 -3.535 0
-0.451 -3.538 0
-0.441 -3.541 0
-0.432 -3.543 0
-0.422 -3.546 0
-0.412 -3.548 0
-0.403 -3.551 0
-0.393 -3.553 0
-0.384 -3.556 0
-0.374 -3.558 0
-0.364 -3.56 0
-0.355 -3.563 0
-0.345 -3.565 0
-0.336 -3.567 0
-0.326 -3.569 0
-0.317 -3.571 0
-0.307 -3.574 0
-0.298 -3.576 0
-0.288 -3.578 0
-0.278 -3.58 0
-0.268 -3.582 0
-0.258 -3.584 0
-0.247 -3.586 0
-0.237 -3.588 0
-0.227 -3.59 0
-0.216 -3.592 0
-0.206 -3.594 0
-0.195 -3.596 0
-0.185 -3.598 0
-0.174 -3.6 0
-0.163 -3.602 0
-0.152 -3.603 0
-0.141 -3.605 0
-0.13 -3.607 0
-0.119 -3.608 0
-0.108 -3.61 0
-0.096 -3.612 0
-0.085 -3.613 0
-0.074 -3.615 0
-0.062 -3.616 0
-0.051 -3.618 0
-0.039 -3.619 0
-0.027 -3.621 0
-0.016 -3.622 0
-0.004 -3.623 0
0.007 -3.625 0
0.019 -3.626 0
0.031 -3.627 0
0.042 -3.629 0
0.054 -3.63 0
0.065 -3.631 0
0.077 -3.632 0
0.089 -3.633 0
0.101 -3.634 0
0.113 -3.635 0
0.125 -3.636 0
0.138 -3.636 0
0.15 -3.637 0
0.162 -3.638 0
0.175 -3.639 0
0.187 -3.639 0
0.199 -3.64 0
0.211 -3.641 0
0.223 -3.641 0
0.235 -3.642 0
0.248 -3.642 0
0.26 -3.643 0
0.272 -3.643 0
0.284 -3.644 0
0.296 -3.644 0
0.308 -3.644 0
0.32 -3.645 0
0.332 -3.645 0
0.344 -3.645 0
0.356 -3.645 0
0.368 -3.645 0
0.38 -3.645 0
0.391 -3.645 0
0.403 -3.645 0
0.415 -3.645 0
0.427 -3.644 0
0.439 -3.644 0
0.451 -3.644 0
0.463 -3.644 0
0.475 -3.644 0
0.487 -3.643 0
0.499 -3.643 0
0.511 -3.642 0
0.523 -3.642 0
0.535 -3.641 0
0.547 -3.641 0
0.559 -3.64 0
0.571 -3.64 0
0.583 -3.639 0
0.595 -3.638 0
0.607 -3.638 0
0.619 -3.637 0
0.631 -3.636 0
0.643 -3.635 0
0.655 -3.635 0
0.668 -3.634 0
0.68 -3.633 0
0.692 -3.632 0
0.705 -3.63 0
0.717 -3.629 0
0.729 -3.628 0
0.741 -3.627 0
0.753 -3.626 0
0.765 -3.624 0
0.777 -3.623 0
0.79 -3.622 0
0.802 -3.621 0
0.814 -3.619 0
0.826 -3.618 0
0.838 -3.616 0
0.85 -3.615 0
0.862 -3.613 0
0.874 -3.612 0
0.886 -3.61 0
0.898 -3.608 0
0.909 -3.607 0
0.921 -3.605 0
0.934 -3.603 0
0.946 -3.601 0
0.958 -3.599 0
0.97 -3.597 0
0.982 -3.595 0
0.994 -3.593 0
1.007 -3.591 0
1.019 -3.589 0
1.031 -3.586 0
1.044 -3.584 0
1.056 -3.581 0
1.068 -3.579 0
1.08 -3.577 0
1.093 -3.574 0
1.105 -3.571 0
1.117 -3.569 0
1.129 -3.566 0
1.141 -3.564 0
1.153 -3.561 0
1.165 -3.558 0
1.178 -3.555 0
1.19 -3.553 0
1.202 -3.55 0
1.215 -3.547 0
1.228 -3.544 0
1.24 -3.54 0
1.253 -3.537 0
1.265 -3.534 0
1.278 -3.531 0
1.29 -3.527 0
1.303 -3.524 0
1.316 -3.52 0
1.328 -3.517 0
1.341 -3.513 0
1.353 -3.51 0
1.366 -3.506 0
1.379 -3.502 0
1.392 -3.498 0
1.404 -3.494 0
1.417 -3.49 0
1.429 -3.486 0
1.441 -3.482 0
1.453 -3.478 0
1.465 -3.474 0
1.477 -3.47 0
1.489 -3.466 0
1.501 -3.462 0
1.513 -3.458 0
1.525 -3.454 0
1.537 -3.449 0
1.549 -3.445 0
1.561 -3.441 0
1.573 -3.437 0
1.584 -3.432 0
1.596 -3.428 0
1.607 -3.424 0
1.619 -3.42 0
1.63 -3.415 0
1.642 -3.411 0
1.653 -3.406 0
1.665 -3.401 0
1.676 -3.397 0
1.688 -3.392 0
1.699 -3.388 0
1.711 -3.383 0
1.722 -3.378 0
1.733 -3.373 0
1.744 -3.369 0
1.756 -3.364 0
1.767 -3.359 0
1.778 -3.355 0
1.789 -3.35 0
1.8 -3.345 0
1.811 -3.34 0
1.822 -3.335 0
1.833 -3.331 0
1.843 -3.326 0
1.854 -3.321 0
1.865 -3.316 0
1.876 -3.311 0
1.887 -3.305 0
1.898 -3.3 0
1.909 -3.295 0
1.92 -3.29 0
1.931 -3.285 0
1.942 -3.279 0
1.953 -3.274 0
1.964 -3.268 0
1.975 -3.263 0
1.986 -3.257 0
1.998 -3.251 0
2.009 -3.246 0
2.02 -3.24 0
2.031 -3.234 0
2.042 -3.228 0
2.053 -3.222 0
2.064 -3.216 0
2.075 -3.21 0
2.086 -3.204 0
2.097 -3.198 0
2.109 -3.191 0
2.12 -3.185 0
2.131 -3.179 0
2.142 -3.172 0
2.153 -3.166 0
2.164 -3.16 0
2.175 -3.153 0
2.186 -3.147 0
2.197 -3.14 0
2.208 -3.133 0
2.219 -3.127 0
2.23 -3.12 0
2.241 -3.113 0
2.252 -3.106 0
2.263 -3.099 0
2.274 -3.092 0
2.285 -3.085 0
2.296 -3.078 0
2.307 -3.071 0
2.317 -3.064 0
2.328 -3.057 0
2.339 -3.05 0
2.349 -3.043 0
2.36 -3.036 0
2.371 -3.029 0
2.381 -3.022 0
2.392 -3.015 0
2.402 -3.008 0
2.413 -3.001 0
2.423 -2.994 0
2.434 -2.987 0
2.444 -2.98 0
2.454 -2.973 0
2.465 -2.965 0
2.475 -2.958 0
2.485 -2.951 0
2.495 -2.944 0
2.506 -2.937 0
2.516 -2.929 0
2.526 -2.922 0
2.536 -2.915 0
2.546 -2.907 0
2.556 -2.9 0
2.566 -2.892 0
2.576 -2.885 0
2.586 -2.877 0
2.596 -2.87 0
2.606 -2.862 0
2.615 -2.854 0
2.625 -2.847 0
2.635 -2.839 0
2.645 -2.831 0
2.654 -2.823 0
2.664 -2.815 0
2.674 -2.808 0
2.683 -2.8 0
2.693 -2.792 0
2.702 -2.784 0
2.711 -2.776 0
2.721 -2.768 0
2.73 -2.76 0
2.739 -2.752 0
2.748 -2.745 0
2.757 -2.737 0
2.766 -2.729 0
2.775 -2.72 0
2.784 -2.712 0
2.793 -2.704 0
2.803 -2.696 0
2.812 -2.688 0
2.821 -2.68 0
2.83 -2.671 0
2.839 -2.663 0
2.848 -2.655 0
2.857 -2.646 0
2.866 -2.638 0
2.875 -2.629 0
2.884 -2.621 0
2.893 -2.612 0
2.902 -2.604 0
2.911 -2.595 0
2.92 -2.587 0
2.929 -2.578 0
2.937 -2.57 0
2.946 -2.561 0
2.955 -2.552 0
2.963 -2.544 0
2.972 -2.535 0
2.981 -2.526 0
2.989 -2.517 0
2.998 -2.508 0
3.006 -2.499 0
3.015 -2.49 0
3.023 -2.481 0
3.032 -2.473 0
3.04 -2.464 0
3.048 -2.455 0
3.056 -2.446 0
3.065 -2.437 0
3.073 -2.429 0
3.081 -2.42 0
3.089 -2.411 0
3.097 -2.403 0
3.105 -2.394 0
3.113 -2.385 0
3.121 -2.376 0
3.129 -2.367 0
3.137 -2.358 0
3.145 -2.349 0
3.153 -2.34 0
3.161 -2.331 0
3.169 -2.322 0
3.177 -2.313 0
3.185 -2.304 0
3.193 -2.294 0
3.201 -2.285 0
3.209 -2.276 0
3.217 -2.266 0
3.225 -2.257 0
3.233 -2.248 0
3.24 -2.238 0
3.248 -2.229 0
3.256 -2.22 0
3.263 -2.21 0
3.271 -2.201 0
3.278 -2.192 0
3.286 -2.182 0
3.293 -2.173 0
3.301 -2.164 0
3.308 -2.155 0
3.315 -2.146 0
3.323 -2.137 0
3.33 -2.127 0
3.338 -2.118 0
3.345 -2.108 0
3.352 -2.099 0
3.36 -2.09 0
3.367 -2.08 0
3.374 -2.07 0
3.381 -2.061 0
3.388 -2.052 0
3.395 -2.042 0
3.402 -2.033 0
3.409 -2.024 0
3.416 -2.014 0
3.422 -2.005 0
3.429 -1.996 0
3.436 -1.987 0
3.443 -1.978 0
3.449 -1.968 0
3.456 -1.959 0
3.463 -1.949 0
3.469 -1.94 0
3.476 -1.93 0
3.483 -1.92 0
3.489 -1.911 0
3.496 -1.901 0
3.502 -1.891 0
3.509 -1.882 0
3.515 -1.872 0
3.522 -1.862 0
3.528 -1.853 0
3.535 -1.843 0
3.541 -1.833 0
3.547 -1.823 0
3.553 -1.814 0
3.559 -1.804 0
3.566 -1.794 0
3.572 -1.784 0
3.578 -1.774 0
3.584 -1.764 0
3.591 -1.753 0
3.597 -1.743 0
3.603 -1.732 0
3.609 -1.722 0
3.616 -1.711 0
3.62 -1.7 0
3.624 -1.688 0
3.629 -1.676 0
3.633 -1.665 0
3.637 -1.653 0
3.641 -1.642 0
3.645 -1.63 0
3.649 -1.618 0
3.653 -1.607 0
3.657 -1.595 0
3.661 -1.584 0
3.665 -1.572 0
3.669 -1.561 0
3.672 -1.549 0
3.676 -1.537 0
3.679 -1.526 0
3.683 -1.514 0
3.686 -1.502 0
3.69 -1.491 0
3.693 -1.479 0
3.696 -1.467 0
3.7 -1.455 0
3.703 -1.444 0
3.706 -1.432 0
3.709 -1.42 0
3.712 -1.409 0
3.715 -1.397 0
3.718 -1.386 0
3.721 -1.374 0
3.724 -1.362 0
3.727 -1.351 0
3.73 -1.339 0
3.732 -1.328 0
3.735 -1.316 0
3.737 -1.304 0
3.74 -1.293 0
3.742 -1.281 0
3.745 -1.27 0
3.747 -1.258 0
3.749 -1.247 0
3.752 -1.235 0
3.754 -1.224 0
3.756 -1.213 0
3.758 -1.201 0
3.761 -1.19 0
3.763 -1.179 0
3.765 -1.167 0
3.767 -1.156 0
3.769 -1.144 0
3.771 -1.133 0
3.773 -1.122 0
3.775 -1.11 0
3.777 -1.099 0
3.779 -1.088 0
3.781 -1.077 0
3.783 -1.065 0
3.785 -1.054 0
3.786 -1.043 0
3.788 -1.032 0
3.79 -1.021 0
3.792 -1.009 0
3.793 -0.998 0
3.795 -0.986 0
3.796 -0.975 0
3.798 -0.964 0
3.799 -0.953 0
3.8 -0.942 0
3.801 -0.932 0
3.802 -0.921 0
3.803 -0.911 0
3.804 -0.9 0
3.806 -0.889 0
3.807 -0.878 0
3.808 -0.867 0
3.809 -0.856 0
3.81 -0.846 0
3.811 -0.835 0
3.812 -0.824 0
3.812 -0.814 0
3.813 -0.803 0
3.814 -0.793 0
3.815 -0.782 0
3.816 -0.771 0
3.817 -0.761 0
3.817 -0.749 0
3.818 -0.738 0
3.819 -0.727 0
3.82 -0.716 0
3.82 -0.705 0
3.821 -0.694 0
3.821 -0.684 0
3.822 -0.673 0
3.822 -0.662 0
3.823 -0.651 0
3.823 -0.639 0
3.824 -0.628 0
3.824 -0.617 0
3.825 -0.606 0
3.825 -0.595 0
3.825 -0.583 0
3.826 -0.572 0
3.826 -0.561 0
3.826 -0.55 0
3.826 -0.539 0
3.826 -0.528 0
3.826 -0.517 0
3.827 -0.506 0
3.827 -0.495 0
3.827 -0.483 0
3.827 -0.472 0
3.826 -0.461 0
3.826 -0.449 0
3.826 -0.438 0
3.826 -0.426 0
3.826 -0.415 0
3.826 -0.403 0
3.826 -0.392 0
3.825 -0.38 0
3.825 -0.369 0
3.825 -0.358 0
3.824 -0.347 0
3.824 -0.336 0
3.823 -0.325 0
3.823 -0.314 0
3.822 -0.303 0
3.821 -0.292 0
3.821 -0.281 0
3.82 -0.27 0
3.819 -0.259 0
3.818 -0.248 0
3.817 -0.237 0
3.816 -0.226 0
3.815 -0.214 0
3.814 -0.203 0
3.813 -0.192 0
3.812 -0.181 0
3.811 -0.17 0
3.809 -0.159 0
3.808 -0.148 0
3.807 -0.137 0
3.806 -0.126 0
3.805 -0.115 0
3.803 -0.103 0
3.802 -0.092 0
3.801 -0.081 0
3.799 -0.07 0
3.798 -0.059 0
3.797 -0.048 0
3.795 -0.037 0
3.794 -0.027 0
3.792 -0.016 0
3.791 -0.005 0
3.789 0.006 0
3.788 0.016 0
3.786 0.027 0
3.785 0.038 0
3.783 0.049 0
3.781 0.06 0
3.78 0.071 0
3.778 0.082 0
3.776 0.092 0
3.775 0.103 0
3.773 0.114 0
3.771 0.125 0
3.769 0.136 0
3.767 0.146 0
3.765 0.157 0
3.763 0.168 0
3.761 0.178 0
3.759 0.188 0
3.757 0.198 0
3.755 0.209 0
3.753 0.219 0
3.751 0.229 0
3.749 0.24 0
3.747 0.25 0
3.744 0.26 0
3.742 0.271 0
3.74 0.281 0
3.737 0.292 0
3.735 0.302 0
3.732 0.313 0
3.73 0.323 0
3.727 0.334 0
3.725 0.344 0
3.722 0.355 0
3.72 0.365 0
3.717 0.375 0
3.714 0.385 0
3.712 0.395 0
3.709 0.405 0
3.707 0.415 0
3.704 0.425 0
3.701 0.435 0
3.699 0.445 0
3.696 0.455 0
3.693 0.465 0
3.69 0.475 0
3.687 0.485 0
3.684 0.495 0
3.681 0.505 0
3.678 0.514 0
3.675 0.524 0
3.672 0.533 0
3.669 0.543 0
3.666 0.552 0
3.663 0.562 0
3.66 0.571 0
3.657 0.581 0
3.654 0.59 0
3.651 0.6 0
3.647 0.61 0
3.644 0.62 0
3.641 0.629 0
3.638 0.639 0
3.634 0.649 0
3.631 0.658 0
3.628 0.668 0
3.624 0.678 0
3.621 0.687 0
3.617 0.697 0
3.614 0.707 0
3.611 0.716 0
3.607 0.726 0
3.604 0.736 0
3.6 0.746 0
3.597 0.755 0
3.593 0.765 0
3.589 0.775 0
3.586 0.784 0
3.582 0.794 0
3.578 0.803 0
3.574 0.813 0
3.571 0.823 0
3.567 0.832 0
3.563 0.842 0
3.559 0.851 0
3.555 0.861 0
3.551 0.871 0
3.547 0.88 0
3.543 0.89 0
3.539 0.899 0
3.534 0.909 0
3.53 0.918 0
3.526 0.928 0
3.522 0.938 0
3.517 0.947 0
3.513 0.957 0
3.508 0.967 0
3.504 0.977 0
3.5 0.987 0
3.495 0.996 0
3.491 1.006 0
3.486 1.016 0
3.482 1.026 0
3.477 1.035 0
3.473 1.045 0
3.468 1.055 0
3.463 1.065 0
3.459 1.074 0
3.454 1.084 0
3.449 1.094 0
3.444 1.104 0
3.439 1.113 0
3.434 1.123 0
3.43 1.133 0
3.425 1.142 0
3.42 1.152 0
3.415 1.162 0
3.41 1.171 0
3.405 1.181 0
3.4 1.191 0
3.395 1.201 0
3.39 1.211 0
3.385 1.22 0
3.38 1.23 0
3.374 1.239 0
3.369 1.248 0
3.364 1.257 0
3.359 1.267 0
3.354 1.276 0
3.349 1.285 0
3.343 1.294 0
3.338 1.303 0
3.333 1.312 0
3.327 1.321 0
3.322 1.33 0
3.317 1.339 0
3.311 1.348 0
3.306 1.357 0
3.301 1.366 0
3.295 1.375 0
3.29 1.384 0
3.284 1.393 0
3.279 1.402 0
3.273 1.411 0
3.268 1.42 0
3.262 1.429 0
3.257 1.438 0
3.251 1.446 0
3.245 1.455 0
3.24 1.464 0
3.234 1.473 0
3.228 1.481 0
3.223 1.49 0
3.217 1.499 0
3.211 1.508 0
3.205 1.516 0
3.199 1.525 0
3.194 1.534 0
3.188 1.542 0
3.182 1.551 0
3.176 1.559 0
3.17 1.568 0
3.164 1.576 0
3.158 1.585 0
3.153 1.593 0
3.147 1.601 0
3.141 1.609 0
3.135 1.617 0
3.129 1.625 0
3.123 1.634 0
3.117 1.642 0
3.111 1.65 0
3.105 1.658 0
3.099 1.666 0
3.093 1.674 0
3.087 1.683 0
3.08 1.691 0
3.074 1.7 0
3.067 1.708 0
3.061 1.717 0
3.054 1.726 0
3.048 1.734 0
3.041 1.743 0
3.034 1.751 0
3.028 1.76 0
3.021 1.768 0
3.014 1.777 0
3.007 1.785 0
3.0 1.794 0
2.993 1.802 0
2.987 1.81 0
2.98 1.818 0
2.973 1.827 0
2.966 1.835 0
2.959 1.843 0
2.952 1.851 0
2.945 1.859 0
2.938 1.867 0
2.931 1.875 0
2.924 1.883 0
2.917 1.891 0
2.91 1.899 0
2.902 1.907 0
2.895 1.915 0
2.888 1.923 0
2.88 1.931 0
2.873 1.939 0
2.865 1.947 0
2.858 1.955 0
2.85 1.963 0
2.843 1.971 0
2.835 1.979 0
2.828 1.987 0
2.82 1.995 0
2.813 2.002 0
2.805 2.01 0
2.797 2.018 0
2.789 2.025 0
2.782 2.033 0
2.774 2.041 0
2.766 2.048 0
2.758 2.056 0
2.75 2.064 0
2.742 2.072 0
2.734 2.079 0
2.726 2.087 0
2.718 2.095 0
2.71 2.103 0
2.702 2.11 0
2.693 2.118 0
2.685 2.126 0
2.677 2.133 0
2.669 2.14 0
2.66 2.148 0
2.652 2.155 0
2.644 2.163 0
2.635 2.17 0
2.627 2.178 0
2.618 2.185 0
2.61 2.192 0
2.602 2.199 0
2.593 2.206 0
2.585 2.213 0
2.577 2.22 0
2.569 2.227 0
2.56 2.234 0
2.552 2.241 0
2.544 2.248 0
2.535 2.254 0
2.527 2.261 0
2.518 2.268 0
2.51 2.275 0
2.501 2.282 0
2.493 2.289 0
2.484 2.296 0
2.476 2.303 0
2.467 2.31 0
2.458 2.317 0
2.45 2.324 0
2.441 2.33 0
2.432 2.337 0
2.424 2.344 0
2.415 2.351 0
2.406 2.358 0
2.398 2.364 0
2.389 2.371 0
2.381 2.377 0
2.372 2.384 0
2.363 2.39 0
2.354 2.397 0
2.346 2.403 0
2.337 2.41 0
2.328 2.416 0
2.319 2.423 0
2.31 2.429 0
2.301 2.435 0
2.292 2.442 0
2.283 2.448 0
2.274 2.454 0
2.265 2.46 0
2.256 2.466 0
2.247 2.472 0
2.238 2.478 0
2.229 2.484 0
2.22 2.491 0
2.211 2.497 0
2.202 2.503 0
2.193 2.509 0
2.184 2.515 0
2.175 2.521 0
2.166 2.527 0
2.156 2.532 0
2.147 2.538 0
2.138 2.544 0
2.129 2.55 0
2.12 2.555 0
2.111 2.561 0
2.102 2.567 0
2.093 2.572 0
2.084 2.578 0
2.074 2.584 0
2.065 2.589 0
2.057 2.595 0
2.048 2.6 0
2.039 2.605 0
2.03 2.61 0
2.022 2.615 0
2.013 2.62 0
2.004 2.625 0
1.995 2.63 0
1.987 2.635 0
1.978 2.64 0
1.969 2.644 0
1.96 2.649 0
1.952 2.654 0
1.943 2.658 0
1.934 2.663 0
1.926 2.668 0
1.917 2.672 0
1.908 2.677 0
1.9 2.681 0
1.891 2.686 0
1.882 2.69 0
1.873 2.695 0
1.864 2.699 0
1.855 2.703 0
1.846 2.708 0
1.837 2.712 0
1.828 2.717 0
1.819 2.721 0
1.809 2.726 0
1.8 2.73 0
1.791 2.735 0
1.782 2.739 0
1.772 2.744 0
1.763 2.748 0
1.753 2.752 0
1.744 2.756 0
1.735 2.76 0
1.726 2.764 0
1.717 2.768 0
1.708 2.772 0
1.699 2.776 0
1.69 2.78 0
1.681 2.783 0
1.672 2.787 0
1.663 2.791 0
1.654 2.795 0
1.644 2.799 0
1.635 2.803 0
1.626 2.806 0
1.617 2.81 0
1.608 2.814 0
1.599 2.818 0
1.59 2.821 0
1.581 2.825 0
1.572 2.829 0
1.563 2.833 0
1.554 2.836 0
1.546 2.84 0
1.537 2.843 0
1.528 2.847 0
1.519 2.85 0
1.51 2.854 0
1.501 2.857 0
1.493 2.86 0
1.484 2.864 0
1.475 2.867 0
1.467 2.87 0
1.458 2.873 0
1.449 2.877 0
1.441 2.88 0
1.432 2.883 0
1.424 2.886 0
1.415 2.889 0
1.407 2.892 0
1.398 2.895 0
1.39 2.898 0
1.381 2.901 0
1.373 2.904 0
1.365 2.907 0
1.356 2.91 0
1.348 2.913 0
1.339 2.916 0
1.33 2.919 0
1.322 2.922 0
1.313 2.925 0
1.304 2.928 0
1.295 2.931 0
1.287 2.934 0
1.278 2.937 0
1.269 2.939 0
1.26 2.942 0
1.251 2.945 0
1.242 2.948 0
1.233 2.951 0
1.225 2.953 0
1.216 2.956 0
1.207 2.959 0
1.198 2.962 0
1.189 2.964 0
1.18 2.967 0
1.171 2.97 0
1.162 2.972 0
1.152 2.975 0
1.143 2.978 0
1.134 2.981 0
1.124 2.983 0
1.115 2.986 0
1.105 2.989 0
1.096 2.992 0
1.086 2.994 0
1.077 2.997 0
1.067 2.999 0
1.057 3.002 0
1.048 3.005 0
1.038 3.007 0
1.028 3.01 0
1.018 3.013 0
1.008 3.015 0
0.998 3.018 0
0.988 3.02 0
0.977 3.023 0
0.967 3.025 0
0.957 3.028 0
0.946 3.03 0
0.936 3.033 0
0.926 3.035 0
0.915 3.038 0
0.905 3.04 0
0.894 3.042 0
0.884 3.045 0
0.874 3.047 0
0.864 3.049 0
0.854 3.051 0
0.844 3.053 0
0.834 3.056 0
0.824 3.058 0
0.814 3.06 0
0.804 3.062 0
0.794 3.064 0
0.783 3.066 0
0.773 3.068 0
0.763 3.07 0
0.753 3.072 0
0.742 3.074 0
0.732 3.076 0
0.722 3.078 0
0.712 3.08 0
0.702 3.082 0
0.691 3.083 0
0.681 3.085 0
0.671 3.087 0
0.661 3.089 0
0.65 3.09 0
0.64 3.092 0
0.629 3.094 0
0.619 3.096 0
0.608 3.097 0
0.597 3.099 0
0.587 3.1 0
0.576 3.102 0
0.566 3.103 0
0.555 3.105 0
0.544 3.106 0
0.533 3.107 0
0.522 3.108 0
0.511 3.11 0
0.5 3.111 0
0.489 3.112 0
0.478 3.113 0
0.467 3.114 0
0.456 3.115 0
0.445 3.116 0
0.434 3.117 0
0.423 3.118 0
0.413 3.119 0
0.402 3.119 0
0.391 3.12 0
0.38 3.121 0
0.369 3.122 0
0.358 3.122 0
0.347 3.123 0
0.336 3.124 0
0.325 3.124 0
0.314 3.125 0
0.303 3.125 0
0.292 3.126 0
0.281 3.126 0
0.27 3.127 0
0.259 3.127 0
0.248 3.127 0
0.237 3.127 0
0.226 3.128 0
0.215 3.128 0
0.204 3.128 0
0.193 3.128 0
0.182 3.128 0
0.171 3.128 0
0.161 3.128 0
0.15 3.128 0
0.139 3.128 0
0.128 3.128 0
0.117 3.127 0
0.107 3.127 0
0.096 3.127 0
0.085 3.126 0
0.074 3.126 0
0.063 3.126 0
0.053 3.125 0
0.042 3.125 0
0.031 3.124 0
0.02 3.123 0
0.009 3.123 0
-0.003 3.122 0
-0.014 3.121 0
-0.025 3.121 0
-0.036 3.12 0
-0.047 3.119 0
-0.058 3.118 0
-0.069 3.117 0
-0.08 3.116 0
-0.091 3.115 0
-0.102 3.114 0
-0.113 3.113 0
-0.124 3.112 0
-0.135 3.111 0
-0.146 3.11 0
-0.157 3.108 0
-0.168 3.107 0
-0.18 3.106 0
-0.191 3.104 0
-0.202 3.103 0
-0.213 3.102 0
-0.224 3.1 0
-0.235 3.099 0
-0.247 3.097 0
-0.258 3.095 0
-0.269 3.093 0
-0.28 3.092 0
-0.292 3.09 0
-0.303 3.088 0
-0.314 3.086 0
-0.326 3.084 0
-0.337 3.082 0
-0.348 3.08 0
-0.359 3.078 0
-0.37 3.077 0
-0.381 3.075 0
-0.391 3.072 0
-0.402 3.07 0
-0.413 3.068 0
-0.424 3.066 0
-0.435 3.064 0
-0.445 3.062 0
-0.456 3.06 0
-0.467 3.057 0
-0.478 3.055 0
-0.489 3.052 0
-0.5 3.05 0
-0.511 3.047 0
-0.521 3.045 0
-0.532 3.042 0
-0.543 3.04 0
-0.554 3.037 0
-0.565 3.034 0
-0.576 3.032 0
-0.586 3.029 0
-0.597 3.026 0
-0.608 3.023 0
-0.619 3.02 0
-0.63 3.017 0
-0.641 3.014 0
-0.653 3.011 0
-0.664 3.007 0
-0.675 3.004 0
-0.686 3.001 0
-0.697 2.997 0
-0.708 2.994 0
-0.719 2.99 0
-0.73 2.987 0
-0.741 2.983 0
-0.752 2.98 0
-0.763 2.976 0
-0.774 2.973 0
-0.785 2.969 0
-0.796 2.966 0
-0.806 2.962 0
-0.817 2.959 0
-0.828 2.955 0
-0.838 2.951 0
-0.849 2.947 0
-0.86 2.944 0
-0.87 2.94 0
-0.881 2.936 0
-0.892 2.932 0
-0.903 2.928 0
-0.913 2.923 0
-0.924 2.919 0
-0.935 2.915 0
-0.945 2.911 0
-0.956 2.906 0
-0.966 2.902 0
-0.977 2.897 0
-0.987 2.893 0
-0.998 2.889 0
-1.008 2.884 0
-1.019 2.88 0
-1.029 2.875 0
-1.039 2.871 0
-1.049 2.866 0
-1.06 2.862 0
-1.07 2.857 0
-1.081 2.852 0
-1.091 2.847 0
-1.102 2.842 0
-1.112 2.838 0
-1.123 2.833 0
-1.133 2.828 0
-1.144 2.823 0
-1.154 2.818 0
-1.165 2.813 0
-1.175 2.807 0
-1.186 2.802 0
-1.196 2.797 0
-1.207 2.791 0
-1.217 2.786 0
-1.228 2.78 0
-1.239 2.775 0
-1.249 2.769 0
-1.26 2.764 0
-1.27 2.758 0
-1.28 2.752 0
-1.29 2.747 0
-1.3 2.741 0
-1.31 2.735 0
-1.32 2.729 0
-1.33 2.724 0
-1.34 2.718 0
-1.35 2.712 0
-1.36 2.706 0
-1.37 2.7 0
-1.38 2.694 0
-1.389 2.687 0
-1.399 2.681 0
-1.409 2.675 0
-1.419 2.669 0
-1.429 2.662 0
-1.438 2.656 0
-1.448 2.649 0
-1.458 2.643 0
-1.467 2.637 0
-1.477 2.63 0
-1.486 2.624 0
-1.496 2.617 0
-1.505 2.611 0
-1.514 2.604 0
-1.524 2.598 0
-1.533 2.591 0
-1.543 2.584 0
-1.552 2.578 0
-1.561 2.571 0
-1.57 2.564 0
-1.58 2.557 0
-1.589 2.551 0
-1.598 2.544 0
-1.607 2.537 0
-1.616 2.53 0
-1.625 2.523 0
-1.634 2.516 0
-1.643 2.509 0
-1.652 2.502 0
-1.661 2.495 0
-1.67 2.488 0
-1.679 2.48 0
-1.688 2.473 0
-1.697 2.466 0
-1.706 2.458 0
-1.715 2.451 0
-1.724 2.443 0
-1.733 2.436 0
-1.742 2.428 0
-1.751 2.421 0
-1.76 2.413 0
-1.769 2.405 0
-1.777 2.398 0
-1.786 2.39 0
-1.795 2.382 0
-1.804 2.374 0
-1.813 2.366 0
-1.822 2.358 0
-1.831 2.35 0
-1.84 2.342 0
-1.849 2.334 0
-1.858 2.326 0
-1.866 2.317 0
-1.875 2.309 0
-1.884 2.301 0
-1.892 2.293 0
-1.901 2.284 0
-1.91 2.276 0
-1.918 2.268 0
-1.927 2.259 0
-1.936 2.25 0
-1.944 2.242 0
-1.953 2.233 0
-1.961 2.225 0
-1.97 2.216 0
-1.978 2.207 0
-1.987 2.199 0
-1.995 2.19 0
-2.004 2.182 0
-2.012 2.173 0
-2.02 2.164 0
-2.029 2.156 0
-2.037 2.147 0
-2.045 2.138 0
-2.053 2.129 0
-2.061 2.121 0
-2.069 2.112 0
-2.077 2.103 0
-2.085 2.094 0
-2.093 2.085 0
-2.101 2.076 0
-2.109 2.067 0
-2.116 2.058 0
-2.124 2.049 0
-2.132 2.04 0
-2.139 2.031 0
-2.147 2.022 0
-2.154 2.013 0
-2.162 2.003 0
-2.17 1.994 0
-2.177 1.985 0
-2.185 1.975 0
-2.192 1.966 0
-2.2 1.956 0
-2.207 1.947 0
-2.214 1.937 0
-2.222 1.928 0
-2.229 1.918 0
-2.236 1.909 0
-2.243 1.899 0
-2.25 1.89 0
-2.257 1.88 0
-2.263 1.87 0
-2.27 1.861 0
-2.277 1.851 0
-2.284 1.841 0
-2.291 1.831 0
-2.298 1.821 0
-2.305 1.811 0
-2.311 1.8 0
-2.318 1.79 0
-2.325 1.78 0
-2.331 1.77 0
-2.338 1.759 0
-2.344 1.749 0
-2.351 1.739 0
-2.357 1.728 0
-2.363 1.718 0
-2.37 1.708 0
-2.376 1.698 0
-2.382 1.687 0
-2.388 1.677 0
-2.394 1.667 0
-2.4 1.656 0
-2.406 1.646 0
-2.412 1.636 0
-2.418 1.625 0
-2.424 1.615 0
-2.43 1.604 0
-2.436 1.594 0
-2.441 1.583 0
-2.447 1.573 0
-2.453 1.562 0
-2.458 1.551 0
-2.464 1.541 0
-2.47 1.53 0
-2.475 1.519 0
-2.481 1.508 0
-2.486 1.497 0
-2.492 1.486 0
-2.497 1.475 0
-2.502 1.464 0
-2.507 1.453 0
-2.512 1.442 0
-2.517 1.431 0
-2.522 1.421 0
-2.527 1.41 0
-2.532 1.399 0
-2.537 1.388 0
-2.542 1.377 0
-2.546 1.366 0
-2.551 1.355 0
-2.555 1.345 0
-2.56 1.334 0
-2.564 1.323 0
-2.568 1.312 0
-2.573 1.302 0
-2.577 1.291 0
-2.581 1.28 0
-2.585 1.269 0
-2.589 1.259 0
-2.593 1.248 0
-2.597 1.237 0
-2.601 1.225 0
-2.605 1.214 0
-2.608 1.203 0
-2.612 1.192 0
-2.616 1.181 0
-2.62 1.169 0
-2.624 1.158 0
-2.627 1.147 0
-2.631 1.135 0
-2.635 1.124 0
-2.638 1.113 0
-2.642 1.101 0
-2.645 1.09 0
-2.649 1.078 0
=======
0.200 0.000 0.000
0.300 0.000 0.000
0.400 0.000 0.000
0.500 0.000 0.000
0.600 0.000 0.000
0.700 0.000 0.000
0.800 0.000 0.000
0.900 0.000 0.000
1.000 0.000 0.000
1.100 0.000 0.000
1.200 0.000 0.000
1.300 0.000 0.000
1.400 0.000 0.000
1.500 0.000 0.000
1.600 0.000 0.000
1.700 0.000 0.000
1.800 0.000 0.000
1.900 0.000 0.000
2.000 0.000 0.000
2.100 0.000 0.000
2.200 0.000 0.000
2.300 0.000 0.000
2.400 0.000 0.000
2.500 0.000 0.000
2.600 0.000 0.000
2.700 0.000 0.000
2.800 0.000 0.000
2.900 0.000 0.000
3.000 0.000 0.000
0.100 0.000 0.000
0.197 0.035 0.000
0.295 0.052 0.000
0.394 0.069 0.000
0.492 0.087 0.000
0.591 0.104 0.000
0.689 0.121 0.000
0.788 0.139 0.000
0.886 0.156 0.000
0.985 0.174 0.000
1.083 0.191 0.000
1.182 0.208 0.000
1.280 0.226 0.000
1.379 0.243 0.000
1.477 0.260 0.000
1.576 0.278 0.000
1.674 0.295 0.000
1.773 0.312 0.000
1.871 0.330 0.000
1.970 0.347 0.000
2.068 0.364 0.000
2.167 0.382 0.000
2.265 0.399 0.000
2.364 0.417 0.000
2.462 0.434 0.000
2.561 0.451 0.000
2.659 0.469 0.000
2.758 0.486 0.000
2.856 0.503 0.000
2.954 0.521 0.000
0.098 0.017 0.000
0.188 0.068 0.000
0.282 0.103 0.000
>>>>>>> ceac7dd5d26976f556c4cdde3afcea5535450184
