0.000 0.035 0.197
0.000 0.052 0.295
0.000 0.069 0.394
0.000 0.087 0.492
0.000 0.104 0.591
0.000 0.121 0.689
0.000 0.139 0.788
0.000 0.156 0.886
0.000 0.174 0.985
0.000 0.191 1.083
0.000 0.208 1.182
0.000 0.226 1.280
0.000 0.243 1.379
0.000 0.260 1.477
0.000 0.278 1.576
0.000 0.295 1.674
0.000 0.312 1.773
0.000 0.330 1.871
0.000 0.347 1.970
0.000 0.364 2.068
0.000 0.382 2.167
0.000 0.399 2.265
0.000 0.417 2.364
0.000 0.434 2.462
0.000 0.451 2.561
0.000 0.469 2.659
0.000 0.486 2.758
0.000 0.503 2.856
0.000 0.521 2.954
0.000 0.017 0.098
0.000 0.035 0.197
0.000 0.052 0.295
0.000 0.069 0.394
0.000 0.087 0.492
0.000 0.104 0.591
0.000 0.121 0.689
0.000 0.139 0.788
0.000 0.156 0.886
0.000 0.174 0.985
0.000 0.191 1.083
0.000 0.208 1.182
0.000 0.226 1.280
0.000 0.243 1.379
0.000 0.260 1.477
0.000 0.278 1.576
0.000 0.295 1.674
0.000 0.312 1.773
0.000 0.330 1.871
0.000 0.347 1.970
0.000 0.364 2.068
0.000 0.382 2.167
0.000 0.399 2.265
0.000 0.417 2.364
0.000 0.434 2.462
0.000 0.451 2.561
0.000 0.469 2.659
0.000 0.486 2.758
0.000 0.503 2.856
0.000 0.521 2.954
0.000 0.017 0.098
0.000 0.068 0.188
0.000 0.103 0.282
0.000 0.137 0.376
0.000 0.171 0.470
0.000 0.205 0.564
0.000 0.239 0.658
0.000 0.273 0.752
0.000 0.308 0.846
0.000 0.342 0.940
0.000 0.376 1.034
0.000 0.410 1.128
0.000 0.444 1.222
0.000 0.479 1.316
0.000 0.513 1.410
0.000 0.547 1.504
0.000 0.581 1.598
0.000 0.615 1.692
0.000 0.650 1.786
0.000 0.684 1.880
0.000 0.718 1.973
0.000 0.752 2.067
0.000 0.786 2.161
0.000 0.820 2.255
0.000 0.855 2.349
0.000 0.889 2.443
0.000 0.923 2.537
0.000 0.957 2.631
0.000 0.991 2.725
0.000 1.026 2.819
0.000 0.034 0.094
0.000 0.100 0.173
0.000 0.150 0.260
0.000 0.200 0.346
0.000 0.250 0.433
0.000 0.300 0.520
0.000 0.350 0.606
0.000 0.400 0.693
0.000 0.450 0.780
0.000 0.500 0.866
0.000 0.550 0.953
0.000 0.600 1.039
0.000 0.650 1.126
0.000 0.700 1.213
0.000 0.750 1.299
0.000 0.800 1.386
0.000 0.850 1.472
0.000 0.900 1.559
0.000 0.950 1.646
0.000 1.000 1.732
0.000 1.050 1.819
0.000 1.099 1.906
0.000 1.149 1.992
0.000 1.199 2.079
0.000 1.249 2.165
0.000 1.299 2.252
0.000 1.349 2.339
0.000 1.399 2.425
0.000 1.449 2.512
0.000 1.499 2.598
0.000 0.050 0.087
0.000 0.129 0.153
0.000 0.193 0.230
0.000 0.257 0.307
0.000 0.321 0.383
0.000 0.386 0.460
0.000 0.450 0.536
0.000 0.514 0.613
0.000 0.578 0.690
0.000 0.643 0.766
0.000 0.707 0.843
0.000 0.771 0.920
0.000 0.835 0.996
0.000 0.900 1.073
0.000 0.964 1.149
0.000 1.028 1.226
0.000 1.092 1.303
0.000 1.157 1.379
0.000 1.221 1.456
0.000 1.285 1.533
0.000 1.349 1.609
0.000 1.414 1.686
0.000 1.478 1.762
0.000 1.542 1.839
0.000 1.606 1.916
0.000 1.671 1.992
0.000 1.735 2.069
0.000 1.799 2.146
0.000 1.863 2.222
0.000 1.928 2.299
0.000 0.064 0.077
0.000 0.153 0.129
0.000 0.230 0.193
0.000 0.306 0.257
0.000 0.383 0.322
0.000 0.459 0.386
0.000 0.536 0.450
0.000 0.613 0.515
0.000 0.689 0.579
0.000 0.766 0.643
0.000 0.842 0.707
0.000 0.919 0.772
0.000 0.995 0.836
0.000 1.072 0.900
0.000 1.149 0.965
0.000 1.225 1.029
0.000 1.302 1.093
0.000 1.378 1.158
0.000 1.455 1.222
0.000 1.532 1.286
0.000 1.608 1.351
0.000 1.685 1.415
0.000 1.761 1.479
0.000 1.838 1.544
0.000 1.914 1.608
0.000 1.991 1.672
0.000 2.068 1.736
0.000 2.144 1.801
0.000 2.221 1.865
0.000 2.297 1.929
0.000 0.077 0.064
0.000 0.173 0.100
0.000 0.260 0.150
0.000 0.346 0.200
0.000 0.433 0.250
0.000 0.519 0.300
0.000 0.606 0.350
0.000 0.693 0.400
0.000 0.779 0.450
0.000 0.866 0.500
0.000 0.952 0.551
0.000 1.039 0.601
0.000 1.125 0.651
0.000 1.212 0.701
0.000 1.299 0.751
0.000 1.385 0.801
0.000 1.472 0.851
0.000 1.558 0.901
0.000 1.645 0.951
0.000 1.732 1.001
0.000 1.818 1.051
0.000 1.905 1.101
0.000 1.991 1.151
0.000 2.078 1.201
0.000 2.164 1.251
0.000 2.251 1.301
0.000 2.338 1.351
0.000 2.424 1.401
0.000 2.511 1.451
0.000 2.597 1.501
0.000 0.087 0.050
0.000 0.188 0.069
0.000 0.282 0.103
0.000 0.376 0.137
0.000 0.470 0.171
0.000 0.564 0.206
0.000 0.658 0.240
0.000 0.752 0.274
0.000 0.846 0.308
0.000 0.939 0.343
0.000 1.033 0.377
0.000 1.127 0.411
0.000 1.221 0.445
0.000 1.315 0.480
0.000 1.409 0.514
0.000 1.503 0.548
0.000 1.597 0.582
0.000 1.691 0.617
0.000 1.785 0.651
0.000 1.879 0.685
0.000 1.973 0.719
0.000 2.067 0.754
0.000 2.161 0.788
0.000 2.255 0.822
0.000 2.349 0.857
0.000 2.443 0.891
0.000 2.537 0.925
0.000 2.631 0.959
0.000 2.724 0.994
0.000 2.818 1.028
0.000 0.094 0.034
0.000 0.197 0.035
0.000 0.295 0.052
0.000 0.394 0.070
0.000 0.492 0.087
0.000 0.591 0.105
0.000 0.689 0.122
0.000 0.788 0.139
0.000 0.886 0.157
0.000 0.985 0.174
0.000 1.083 0.192
0.000 1.182 0.209
0.000 1.280 0.227
0.000 1.379 0.244
0.000 1.477 0.262
0.000 1.575 0.279
0.000 1.674 0.296
0.000 1.772 0.314
0.000 1.871 0.331
0.000 1.969 0.349
0.000 2.068 0.366
0.000 2.166 0.384
0.000 2.265 0.401
0.000 2.363 0.418
0.000 2.462 0.436
0.000 2.560 0.453
0.000 2.659 0.471
0.000 2.757 0.488
0.000 2.856 0.506
0.000 2.954 0.523
0.000 0.098 0.017
0.000 0.200 0.000
0.000 0.300 0.000
0.000 0.400 0.000
0.000 0.500 0.000
0.000 0.600 0.000
0.000 0.700 0.001
0.000 0.800 0.001
0.000 0.900 0.001
0.000 1.000 0.001
0.000 1.100 0.001
0.000 1.200 0.001
0.000 1.300 0.001
0.000 1.400 0.001
0.000 1.500 0.001
0.000 1.600 0.001
0.000 1.700 0.001
0.000 1.800 0.001
0.000 1.900 0.002
0.000 2.000 0.002
0.000 2.100 0.002
0.000 2.200 0.002
0.000 2.300 0.002
0.000 2.400 0.002
0.000 2.500 0.002
0.000 2.600 0.002
0.000 2.700 0.002
0.000 2.800 0.002
0.000 2.900 0.002
0.000 3.000 0.002
0.000 0.100 0.000
0.000 0.197 -0.035
0.000 0.295 -0.052
0.000 0.394 -0.069
0.000 0.492 -0.086
0.000 0.591 -0.104
0.000 0.689 -0.121
0.000 0.788 -0.138
0.000 0.886 -0.155
0.000 0.985 -0.173
0.000 1.083 -0.190
0.000 1.182 -0.207
0.000 1.280 -0.225
0.000 1.379 -0.242
0.000 1.477 -0.259
0.000 1.576 -0.276
0.000 1.674 -0.294
0.000 1.773 -0.311
0.000 1.871 -0.328
0.000 1.970 -0.346
0.000 2.068 -0.363
0.000 2.167 -0.380
0.000 2.265 -0.397
0.000 2.364 -0.415
0.000 2.462 -0.432
0.000 2.561 -0.449
0.000 2.659 -0.466
0.000 2.758 -0.484
0.000 2.856 -0.501
0.000 2.955 -0.518
0.000 0.098 -0.017
0.000 0.188 -0.068
0.000 0.282 -0.102
0.000 0.376 -0.136
0.000 0.470 -0.171
0.000 0.564 -0.205
0.000 0.658 -0.239
0.000 0.752 -0.273
0.000 0.846 -0.307
0.000 0.940 -0.341
0.000 1.034 -0.375
0.000 1.128 -0.409
0.000 1.222 -0.443
0.000 1.316 -0.478
0.000 1.410 -0.512
0.000 1.504 -0.546
0.000 1.598 -0.580
0.000 1.692 -0.614
0.000 1.786 -0.648
0.000 1.880 -0.682
0.000 1.974 -0.716
0.000 2.068 -0.750
0.000 2.162 -0.785
0.000 2.256 -0.819
0.000 2.350 -0.853
0.000 2.444 -0.887
0.000 2.538 -0.921
0.000 2.632 -0.955
0.000 2.726 -0.989
0.000 2.820 -1.023
0.000 0.094 -0.034
0.000 0.173 -0.100
0.000 0.260 -0.150
0.000 0.347 -0.200
0.000 0.433 -0.250
0.000 0.520 -0.299
0.000 0.607 -0.349
0.000 0.693 -0.399
0.000 0.780 -0.449
0.000 0.867 -0.499
0.000 0.953 -0.549
0.000 1.040 -0.599
0.000 1.127 -0.649
0.000 1.213 -0.699
0.000 1.300 -0.749
0.000 1.386 -0.799
0.000 1.473 -0.848
0.000 1.560 -0.898
0.000 1.646 -0.948
0.000 1.733 -0.998
0.000 1.820 -1.048
0.000 1.906 -1.098
0.000 1.993 -1.148
0.000 2.080 -1.198
0.000 2.166 -1.248
0.000 2.253 -1.298
0.000 2.340 -1.348
0.000 2.426 -1.397
0.000 2.513 -1.447
0.000 2.600 -1.497
0.000 0.087 -0.050
0.000 0.153 -0.128
0.000 0.230 -0.193
0.000 0.307 -0.257
0.000 0.383 -0.321
0.000 0.460 -0.385
0.000 0.537 -0.449
0.000 0.613 -0.514
0.000 0.690 -0.578
0.000 0.767 -0.642
0.000 0.843 -0.706
0.000 0.920 -0.770
0.000 0.997 -0.834
0.000 1.073 -0.899
0.000 1.150 -0.963
0.000 1.227 -1.027
0.000 1.304 -1.091
0.000 1.380 -1.155
0.000 1.457 -1.220
0.000 1.534 -1.284
0.000 1.610 -1.348
0.000 1.687 -1.412
0.000 1.764 -1.476
0.000 1.840 -1.541
0.000 1.917 -1.605
0.000 1.994 -1.669
0.000 2.070 -1.733
0.000 2.147 -1.797
0.000 2.224 -1.862
0.000 2.300 -1.926
0.000 0.077 -0.064
0.000 0.129 -0.153
0.000 0.193 -0.230
0.000 0.257 -0.306
0.000 0.322 -0.383
0.000 0.386 -0.459
0.000 0.451 -0.536
0.000 0.515 -0.612
0.000 0.579 -0.689
0.000 0.644 -0.765
0.000 0.708 -0.842
0.000 0.772 -0.918
0.000 0.837 -0.995
0.000 0.901 -1.071
0.000 0.966 -1.148
0.000 1.030 -1.224
0.000 1.094 -1.301
0.000 1.159 -1.377
0.000 1.223 -1.454
0.000 1.287 -1.530
0.000 1.352 -1.607
0.000 1.416 -1.684
0.000 1.481 -1.760
0.000 1.545 -1.837
0.000 1.609 -1.913
0.000 1.674 -1.990
0.000 1.738 -2.066
0.000 1.802 -2.143
0.000 1.867 -2.219
0.000 1.931 -2.296
0.000 0.064 -0.077
0.000 0.100 -0.173
0.000 0.150 -0.260
0.000 0.200 -0.346
0.000 0.251 -0.433
0.000 0.301 -0.519
0.000 0.351 -0.606
0.000 0.401 -0.692
0.000 0.451 -0.779
0.000 0.501 -0.865
0.000 0.551 -0.952
0.000 0.601 -1.038
0.000 0.651 -1.125
0.000 0.702 -1.212
0.000 0.752 -1.298
0.000 0.802 -1.385
0.000 0.852 -1.471
0.000 0.902 -1.558
0.000 0.952 -1.644
0.000 1.002 -1.731
0.000 1.052 -1.817
0.000 1.103 -1.904
0.000 1.153 -1.990
0.000 1.203 -2.077
0.000 1.253 -2.163
0.000 1.303 -2.250
0.000 1.353 -2.336
0.000 1.403 -2.423
0.000 1.453 -2.510
0.000 1.503 -2.596
0.000 0.050 -0.087
0.000 0.069 -0.188
0.000 0.103 -0.282
0.000 0.137 -0.376
0.000 0.172 -0.470
0.000 0.206 -0.564
0.000 0.240 -0.657
0.000 0.275 -0.751
0.000 0.309 -0.845
0.000 0.343 -0.939
0.000 0.378 -1.033
0.000 0.412 -1.127
0.000 0.446 -1.221
0.000 0.481 -1.315
0.000 0.515 -1.409
0.000 0.549 -1.503
0.000 0.584 -1.597
0.000 0.618 -1.691
0.000 0.652 -1.784
0.000 0.687 -1.878
0.000 0.721 -1.972
0.000 0.755 -2.066
0.000 0.790 -2.160
0.000 0.824 -2.254
0.000 0.858 -2.348
0.000 0.893 -2.442
0.000 0.927 -2.536
0.000 0.961 -2.630
0.000 0.996 -2.724
0.000 1.030 -2.818
0.000 0.034 -0.094
0.000 0.035 -0.197
0.000 0.053 -0.295
0.000 0.070 -0.394
0.000 0.088 -0.492
0.000 0.105 -0.591
0.000 0.123 -0.689
0.000 0.140 -0.788
0.000 0.158 -0.886
0.000 0.175 -0.985
0.000 0.193 -1.083
0.000 0.210 -1.181
0.000 0.228 -1.280
0.000 0.245 -1.378
0.000 0.263 -1.477
0.000 0.280 -1.575
0.000 0.298 -1.674
0.000 0.315 -1.772
0.000 0.333 -1.871
0.000 0.350 -1.969
0.000 0.368 -2.068
0.000 0.385 -2.166
0.000 0.403 -2.264
0.000 0.420 -2.363
0.000 0.438 -2.461
0.000 0.455 -2.560
0.000 0.473 -2.658
0.000 0.490 -2.757
0.000 0.508 -2.855
0.000 0.525 -2.954
0.000 0.018 -0.098
0.000 0.000 -0.200
0.000 0.000 -0.300
0.000 0.001 -0.400
0.000 0.001 -0.500
0.000 0.001 -0.600
0.000 0.001 -0.700
0.000 0.001 -0.800
0.000 0.001 -0.900
0.000 0.002 -1.000
0.000 0.002 -1.100
0.000 0.002 -1.200
0.000 0.002 -1.300
0.000 0.002 -1.400
0.000 0.002 -1.500
0.000 0.003 -1.600
0.000 0.003 -1.700
0.000 0.003 -1.800
0.000 0.003 -1.900
0.000 0.003 -2.000
0.000 0.003 -2.100
0.000 0.004 -2.200
0.000 0.004 -2.300
0.000 0.004 -2.400
0.000 0.004 -2.500
0.000 0.004 -2.600
0.000 0.004 -2.700
0.000 0.004 -2.800
0.000 0.005 -2.900
0.000 0.005 -3.000
0.000 0.000 -0.100
0.000 -0.034 -0.197
0.000 -0.052 -0.296
0.000 -0.069 -0.394
0.000 -0.086 -0.493
0.000 -0.103 -0.591
0.000 -0.120 -0.690
0.000 -0.138 -0.788
0.000 -0.155 -0.887
0.000 -0.172 -0.985
0.000 -0.189 -1.084
0.000 -0.206 -1.182
0.000 -0.224 -1.281
0.000 -0.241 -1.379
0.000 -0.258 -1.478
0.000 -0.275 -1.576
0.000 -0.292 -1.675
0.000 -0.310 -1.773
0.000 -0.327 -1.872
0.000 -0.344 -1.970
0.000 -0.361 -2.069
0.000 -0.378 -2.167
0.000 -0.396 -2.266
0.000 -0.413 -2.364
0.000 -0.430 -2.463
0.000 -0.447 -2.561
0.000 -0.464 -2.660
0.000 -0.482 -2.758
0.000 -0.499 -2.857
0.000 -0.516 -2.955
0.000 -0.017 -0.099
0.000 -0.068 -0.188
0.000 -0.102 -0.282
0.000 -0.136 -0.376
0.000 -0.170 -0.470
0.000 -0.204 -0.564
0.000 -0.238 -0.658
0.000 -0.272 -0.752
0.000 -0.306 -0.846
0.000 -0.340 -0.940
0.000 -0.374 -1.034
0.000 -0.408 -1.128
0.000 -0.442 -1.222
0.000 -0.476 -1.316
0.000 -0.511 -1.410
0.000 -0.545 -1.504
0.000 -0.579 -1.599
0.000 -0.613 -1.693
0.000 -0.647 -1.787
0.000 -0.681 -1.881
0.000 -0.715 -1.975
0.000 -0.749 -2.069
0.000 -0.783 -2.163
0.000 -0.817 -2.257
0.000 -0.851 -2.351
0.000 -0.885 -2.445
0.000 -0.919 -2.539
0.000 -0.953 -2.633
0.000 -0.987 -2.727
0.000 -1.021 -2.821
0.000 -0.034 -0.094
0.000 -0.100 -0.173
0.000 -0.150 -0.260
0.000 -0.199 -0.347
0.000 -0.249 -0.433
0.000 -0.299 -0.520
0.000 -0.349 -0.607
0.000 -0.399 -0.694
0.000 -0.449 -0.780
0.000 -0.498 -0.867
0.000 -0.548 -0.954
0.000 -0.598 -1.040
0.000 -0.648 -1.127
0.000 -0.698 -1.214
0.000 -0.748 -1.300
0.000 -0.797 -1.387
0.000 -0.847 -1.474
0.000 -0.897 -1.561
0.000 -0.947 -1.647
0.000 -0.997 -1.734
0.000 -1.047 -1.821
0.000 -1.096 -1.907
0.000 -1.146 -1.994
0.000 -1.196 -2.081
0.000 -1.246 -2.167
0.000 -1.296 -2.254
0.000 -1.346 -2.341
0.000 -1.395 -2.427
0.000 -1.445 -2.514
0.000 -1.495 -2.601
0.000 -0.050 -0.087
0.000 -0.128 -0.153
0.000 -0.192 -0.230
0.000 -0.257 -0.307
0.000 -0.321 -0.384
0.000 -0.385 -0.460
0.000 -0.449 -0.537
0.000 -0.513 -0.614
0.000 -0.577 -0.691
0.000 -0.641 -0.767
0.000 -0.705 -0.844
0.000 -0.770 -0.921
0.000 -0.834 -0.997
0.000 -0.898 -1.074
0.000 -0.962 -1.151
0.000 -1.026 -1.228
0.000 -1.090 -1.304
0.000 -1.154 -1.381
0.000 -1.218 -1.458
0.000 -1.283 -1.535
0.000 -1.347 -1.611
0.000 -1.411 -1.688
0.000 -1.475 -1.765
0.000 -1.539 -1.842
0.000 -1.603 -1.918
0.000 -1.667 -1.995
0.000 -1.731 -2.072
0.000 -1.796 -2.148
0.000 -1.860 -2.225
0.000 -1.924 -2.302
0.000 -0.064 -0.077
0.000 -0.153 -0.129
0.000 -0.229 -0.193
0.000 -0.306 -0.258
0.000 -0.382 -0.322
0.000 -0.459 -0.387
0.000 -0.535 -0.451
0.000 -0.612 -0.515
0.000 -0.688 -0.580
0.000 -0.765 -0.644
0.000 -0.841 -0.709
0.000 -0.918 -0.773
0.000 -0.994 -0.838
0.000 -1.071 -0.902
0.000 -1.147 -0.967
0.000 -1.224 -1.031
0.000 -1.300 -1.095
0.000 -1.377 -1.160
0.000 -1.453 -1.224
0.000 -1.529 -1.289
0.000 -1.606 -1.353
0.000 -1.682 -1.418
0.000 -1.759 -1.482
0.000 -1.835 -1.546
0.000 -1.912 -1.611
0.000 -1.988 -1.675
0.000 -2.065 -1.740
0.000 -2.141 -1.804
0.000 -2.218 -1.869
0.000 -2.294 -1.933
0.000 -0.076 -0.064
0.000 -0.173 -0.100
0.000 -0.259 -0.151
0.000 -0.346 -0.201
0.000 -0.432 -0.251
0.000 -0.519 -0.301
0.000 -0.605 -0.351
0.000 -0.692 -0.401
0.000 -0.778 -0.452
0.000 -0.865 -0.502
0.000 -0.951 -0.552
0.000 -1.038 -0.602
0.000 -1.124 -0.652
0.000 -1.211 -0.703
0.000 -1.297 -0.753
0.000 -1.384 -0.803
0.000 -1.470 -0.853
0.000 -1.557 -0.903
0.000 -1.643 -0.953
0.000 -1.730 -1.004
0.000 -1.816 -1.054
0.000 -1.903 -1.104
0.000 -1.989 -1.154
0.000 -2.076 -1.204
0.000 -2.162 -1.255
0.000 -2.249 -1.305
0.000 -2.335 -1.355
0.000 -2.422 -1.405
0.000 -2.508 -1.455
0.000 -2.595 -1.506
0.000 -0.086 -0.050
0.000 -0.188 -0.069
0.000 -0.282 -0.103
0.000 -0.376 -0.138
0.000 -0.469 -0.172
0.000 -0.563 -0.206
0.000 -0.657 -0.241
0.000 -0.751 -0.275
0.000 -0.845 -0.310
0.000 -0.939 -0.344
0.000 -1.033 -0.379
0.000 -1.127 -0.413
0.000 -1.221 -0.447
0.000 -1.315 -0.482
0.000 -1.408 -0.516
0.000 -1.502 -0.551
0.000 -1.596 -0.585
0.000 -1.690 -0.619
0.000 -1.784 -0.654
0.000 -1.878 -0.688
0.000 -1.972 -0.723
0.000 -2.066 -0.757
0.000 -2.160 -0.791
0.000 -2.253 -0.826
0.000 -2.347 -0.860
0.000 -2.441 -0.895
0.000 -2.535 -0.929
0.000 -2.629 -0.963
0.000 -2.723 -0.998
0.000 -2.817 -1.032
0.000 -0.094 -0.034
0.000 -0.197 -0.035
0.000 -0.295 -0.053
0.000 -0.394 -0.070
0.000 -0.492 -0.088
0.000 -0.591 -0.106
0.000 -0.689 -0.123
0.000 -0.788 -0.141
0.000 -0.886 -0.158
0.000 -0.984 -0.176
0.000 -1.083 -0.194
0.000 -1.181 -0.211
0.000 -1.280 -0.229
0.000 -1.378 -0.246
0.000 -1.477 -0.264
0.000 -1.575 -0.281
0.000 -1.673 -0.299
0.000 -1.772 -0.317
0.000 -1.870 -0.334
0.000 -1.969 -0.352
0.000 -2.067 -0.369
0.000 -2.166 -0.387
0.000 -2.264 -0.405
0.000 -2.363 -0.422
0.000 -2.461 -0.440
0.000 -2.559 -0.457
0.000 -2.658 -0.475
0.000 -2.756 -0.493
0.000 -2.855 -0.510
0.000 -2.953 -0.528
0.000 -0.098 -0.018
0.000 -0.200 -0.000
0.000 -0.300 -0.001
0.000 -0.400 -0.001
0.000 -0.500 -0.001
0.000 -0.600 -0.001
0.000 -0.700 -0.002
0.000 -0.800 -0.002
0.000 -0.900 -0.002
0.000 -1.000 -0.002
0.000 -1.100 -0.003
0.000 -1.200 -0.003
0.000 -1.300 -0.003
0.000 -1.400 -0.003
0.000 -1.500 -0.004
0.000 -1.600 -0.004
0.000 -1.700 -0.004
0.000 -1.800 -0.004
0.000 -1.900 -0.005
0.000 -2.000 -0.005
0.000 -2.100 -0.005
0.000 -2.200 -0.005
0.000 -2.300 -0.005
0.000 -2.400 -0.006
0.000 -2.500 -0.006
0.000 -2.600 -0.006
0.000 -2.700 -0.006
0.000 -2.800 -0.007
0.000 -2.900 -0.007
0.000 -3.000 -0.007
0.000 -0.100 -0.000
0.000 -0.197 0.034
0.000 -0.296 0.051
0.000 -0.394 0.068
0.000 -0.493 0.086
0.000 -0.591 0.103
0.000 -0.690 0.120
0.000 -0.788 0.137
0.000 -0.887 0.154
0.000 -0.985 0.171
0.000 -1.084 0.188
0.000 -1.182 0.205
0.000 -1.281 0.223
0.000 -1.379 0.240
0.000 -1.478 0.257
0.000 -1.576 0.274
0.000 -1.675 0.291
0.000 -1.773 0.308
0.000 -1.872 0.325
0.000 -1.970 0.342
0.000 -2.069 0.360
0.000 -2.168 0.377
0.000 -2.266 0.394
0.000 -2.365 0.411
0.000 -2.463 0.428
0.000 -2.562 0.445
0.000 -2.660 0.462
0.000 -2.759 0.479
0.000 -2.857 0.497
0.000 -2.956 0.514
0.000 -0.099 0.017
0.000 -0.188 0.068
0.000 -0.282 0.102
0.000 -0.376 0.136
0.000 -0.470 0.170
0.000 -0.564 0.204
0.000 -0.658 0.238
0.000 -0.752 0.272
0.000 -0.847 0.306
0.000 -0.941 0.340
0.000 -1.035 0.374
0.000 -1.129 0.408
0.000 -1.223 0.441
0.000 -1.317 0.475
0.000 -1.411 0.509
0.000 -1.505 0.543
0.000 -1.599 0.577
0.000 -1.693 0.611
0.000 -1.787 0.645
0.000 -1.881 0.679
0.000 -1.975 0.713
0.000 -2.069 0.747
0.000 -2.163 0.781
0.000 -2.257 0.815
0.000 -2.351 0.849
0.000 -2.445 0.883
0.000 -2.540 0.917
0.000 -2.634 0.951
0.000 -2.728 0.985
0.000 -2.822 1.019
0.000 -0.094 0.034
0.000 -0.173 0.100
0.000 -0.260 0.149
0.000 -0.347 0.199
0.000 -0.434 0.249
0.000 -0.520 0.299
0.000 -0.607 0.348
0.000 -0.694 0.398
0.000 -0.781 0.448
0.000 -0.867 0.498
0.000 -0.954 0.547
0.000 -1.041 0.597
0.000 -1.128 0.647
0.000 -1.214 0.697
0.000 -1.301 0.747
0.000 -1.388 0.796
0.000 -1.474 0.846
0.000 -1.561 0.896
0.000 -1.648 0.946
0.000 -1.735 0.995
0.000 -1.821 1.045
0.000 -1.908 1.095
0.000 -1.995 1.145
0.000 -2.082 1.194
0.000 -2.168 1.244
0.000 -2.255 1.294
0.000 -2.342 1.344
0.000 -2.429 1.394
0.000 -2.515 1.443
0.000 -2.602 1.493
0.000 -0.087 0.050
0.000 -0.154 0.128
0.000 -0.230 0.192
0.000 -0.307 0.256
0.000 -0.384 0.320
0.000 -0.461 0.384
0.000 -0.537 0.448
0.000 -0.614 0.513
0.000 -0.691 0.577
0.000 -0.768 0.641
0.000 -0.845 0.705
0.000 -0.921 0.769
0.000 -0.998 0.833
0.000 -1.075 0.897
0.000 -1.152 0.961
0.000 -1.228 1.025
0.000 -1.305 1.089
0.000 -1.382 1.153
0.000 -1.459 1.217
0.000 -1.536 1.281
0.000 -1.612 1.345
0.000 -1.689 1.410
0.000 -1.766 1.474
0.000 -1.843 1.538
0.000 -1.920 1.602
0.000 -1.996 1.666
0.000 -2.073 1.730
0.000 -2.150 1.794
0.000 -2.227 1.858
0.000 -2.303 1.922
0.000 -0.077 0.064
0.000 -0.129 0.153
0.000 -0.193 0.229
0.000 -0.258 0.306
0.000 -0.322 0.382
0.000 -0.387 0.459
0.000 -0.451 0.535
0.000 -0.516 0.611
0.000 -0.580 0.688
0.000 -0.645 0.764
0.000 -0.709 0.841
0.000 -0.774 0.917
0.000 -0.838 0.993
0.000 -0.903 1.070
0.000 -0.967 1.146
0.000 -1.032 1.223
0.000 -1.096 1.299
0.000 -1.161 1.376
0.000 -1.225 1.452
0.000 -1.290 1.528
0.000 -1.354 1.605
0.000 -1.419 1.681
0.000 -1.483 1.758
0.000 -1.548 1.834
0.000 -1.612 1.911
0.000 -1.677 1.987
0.000 -1.741 2.063
0.000 -1.806 2.140
0.000 -1.870 2.216
0.000 -1.935 2.293
0.000 -0.064 0.076
0.000 -0.101 0.173
0.000 -0.151 0.259
0.000 -0.201 0.346
0.000 -0.251 0.432
0.000 -0.302 0.519
0.000 -0.352 0.605
0.000 -0.402 0.692
0.000 -0.452 0.778
0.000 -0.503 0.865
0.000 -0.553 0.951
0.000 -0.603 1.037
0.000 -0.653 1.124
0.000 -0.704 1.210
0.000 -0.754 1.297
0.000 -0.804 1.383
0.000 -0.854 1.470
0.000 -0.905 1.556
0.000 -0.955 1.643
0.000 -1.005 1.729
0.000 -1.055 1.816
0.000 -1.106 1.902
0.000 -1.156 1.988
0.000 -1.206 2.075
0.000 -1.256 2.161
0.000 -1.307 2.248
0.000 -1.357 2.334
0.000 -1.407 2.421
0.000 -1.457 2.507
0.000 -1.508 2.594
0.000 -0.050 0.086
0.000 -0.069 0.188
0.000 -0.103 0.282
0.000 -0.138 0.375
0.000 -0.172 0.469
0.000 -0.207 0.563
0.000 -0.241 0.657
0.000 -0.276 0.751
0.000 -0.310 0.845
0.000 -0.345 0.939
0.000 -0.379 1.033
0.000 -0.414 1.126
0.000 -0.448 1.220
0.000 -0.483 1.314
0.000 -0.517 1.408
0.000 -0.552 1.502
0.000 -0.586 1.596
0.000 -0.621 1.690
0.000 -0.655 1.783
0.000 -0.690 1.877
0.000 -0.724 1.971
0.000 -0.759 2.065
0.000 -0.793 2.159
0.000 -0.828 2.253
0.000 -0.862 2.347
0.000 -0.897 2.441
0.000 -0.931 2.534
0.000 -0.966 2.628
0.000 -1.000 2.722
0.000 -1.035 2.816
0.000 -0.034 0.094
0.000 -0.035 0.197
0.000 -0.053 0.295
0.000 -0.071 0.394
0.000 -0.088 0.492
0.000 -0.106 0.591
0.000 -0.124 0.689
0.000 -0.141 0.787
0.000 -0.159 0.886
0.000 -0.177 0.984
0.000 -0.194 1.083
0.000 -0.212 1.181
0.000 -0.230 1.280
0.000 -0.247 1.378
0.000 -0.265 1.476
0.000 -0.283 1.575
0.000 -0.300 1.673
0.000 -0.318 1.772
0.000 -0.336 1.870
0.000 -0.353 1.969
0.000 -0.371 2.067
0.000 -0.389 2.165
0.000 -0.406 2.264
0.000 -0.424 2.362
0.000 -0.442 2.461
0.000 -0.459 2.559
0.000 -0.477 2.658
0.000 -0.495 2.756
0.000 -0.512 2.854
0.000 -0.530 2.953
0.000 -0.018 0.098
0.000 -0.001 0.200
0.000 -0.001 0.300
0.000 -0.001 0.400
0.000 -0.002 0.500
0.000 -0.002 0.600
0.000 -0.002 0.700
0.000 -0.003 0.800
0.000 -0.003 0.900
0.000 -0.003 1.000
0.000 -0.004 1.100
0.000 -0.004 1.200
0.000 -0.004 1.300
0.000 -0.004 1.400
0.000 -0.005 1.500
0.000 -0.005 1.600
0.000 -0.005 1.700
0.000 -0.006 1.800
0.000 -0.006 1.900
0.000 -0.006 2.000
0.000 -0.007 2.100
0.000 -0.007 2.200
0.000 -0.007 2.300
0.000 -0.008 2.400
0.000 -0.008 2.500
0.000 -0.008 2.600
0.000 -0.009 2.700
0.000 -0.009 2.800
0.000 -0.009 2.900
0.000 -0.010 3.000 