0.000 0.000 0.200
0.000 0.000 0.300
0.000 0.000 0.400
0.000 0.000 0.500
0.000 0.000 0.600
0.000 0.000 0.700
0.000 0.000 0.800
0.000 0.000 0.900
0.000 0.000 1.000
0.000 0.000 1.100
0.000 0.000 1.200
0.000 0.000 1.300
0.000 0.000 1.400
0.000 0.000 1.500
0.000 0.000 1.600
0.000 0.000 1.700
0.000 0.000 1.800
0.000 0.000 1.900
0.000 0.000 2.000
0.000 0.000 2.100
0.000 0.000 2.200
0.000 0.000 2.300
0.000 0.000 2.400
0.000 0.000 2.500
0.000 0.000 2.600
0.000 0.000 2.700
0.000 0.000 2.800
0.000 0.000 2.900
0.000 0.000 3.000
0.000 0.000 0.100
0.000 0.035 0.197
0.000 0.052 0.295
0.000 0.069 0.394
0.000 0.087 0.492
0.000 0.104 0.591
0.000 0.121 0.689
0.000 0.139 0.788
0.000 0.156 0.886
0.000 0.174 0.985
0.000 0.191 1.083
0.000 0.208 1.182
0.000 0.226 1.280
0.000 0.243 1.379 